CONV CO 16 CI 1 H 28 W 28
-2 -3 3 0 -3 1 -1 -2 -4 3 2 2 0 4 5 -6 -6 -6 -2 -3 1 -6 1 5 2 4 -2 -4 -4 2 -2 -2 3 -1 -4 4 0 3 3 -1 2 4 2 3 4 -4 -2 0 0 -3 -4 2 2 -3 2 2 4 -2 -2 -4 -2 -1 -1 2 4 -4 3 3 -5 4 -3 -3 0 -1 -5 -3 -5 1 -3 3 6 -1 1 -7 1 7 -3 -2 3 7 2 1 1 -1 1 5 -5 -2 2 -4 3 2 -6 -1 5 1 -7 -1 1 -1 -3 3 -3 -7 6 4 2 2 -5 -1 3 -1 0 -7 -2 -3 -5 -4 1 4 -4 -4 3 1 -2 -3 -6 2 4 3 3 1 1 -4 

UNSIGNEDQUAN C 16 H 28 W 28
BIAS -343 -62 0 -218 624 -343 -125 31 -218 156 125 -250 62 -405 -281 62 
SHIFT 7 8 7 8 8 8 7 8 8 7 7 8 8 8 7 7 

POOL C 16 H 28 W 28

CONV CO 16 CI 16 H 14 W 14
-2 -2 -2 2 7 0 1 1 -6 3 0 -2 4 7 7 -7 -2 -3 -2 2 0 -1 -3 -3 -1 -1 1 2 6 3 -2 -3 -1 0 -1 2 -2 0 2 0 -4 0 1 2 -1 0 1 -7 4 5 3 3 0 0 1 4 7 -4 1 4 -1 4 0 -2 4 -1 -4 -7 0 2 -1 -2 0 -2 6 -6 -2 -1 1 2 2 -3 1 1 1 2 -1 1 1 -1 4 2 0 0 0 1 2 -3 -2 2 2 -1 3 7 2 1 -3 -6 -1 -3 0 3 0 1 -1 2 1 2 1 3 0 -2 -2 0 1 -1 0 2 -3 4 6 5 -2 -2 -2 0 0 3 -1 -2 -2 0 -1 -1 2 -5 0 3 2 -5 7 2 -2 -1 -2 0 -2 -1 -3 1 -2 -1 2 3 -2 2 2 1 -1 3 3 5 5 -3 0 3 6 2 -2 1 -2 -1 -4 2 -1 -1 -3 3 -1 -2 -7 -1 0 -1 -1 -2 1 -3 0 -5 3 -3 -1 -1 -2 0 1 7 2 1 3 1 -5 -3 -2 1 1 -1 -1 -4 -7 2 -4 0 4 -1 1 1 -2 5 2 2 0 1 2 3 0 1 2 1 1 1 1 1 1 -1 5 4 1 5 2 6 -1 -2 2 -1 2 -3 0 1 1 1 -5 -3 2 -2 -2 4 4 -2 0 -1 2 0 0 0 -3 1 0 4 0 -2 1 -4 5 0 1 4 0 6 2 0 -2 1 1 0 3 0 5 5 2 1 1 2 -1 -3 -3 -2 -2 -2 -1 -6 3 -1 -3 -1 -2 2 -3 -3 4 2 2 2 3 -1 0 -1 2 -4 -2 0 2 3 3 1 0 4 2 3 6 -2 1 0 4 1 1 1 -2 -3 -3 -4 -4 -4 -3 -1 1 -2 4 4 -6 -7 -6 2 -2 -5 7 1 -4 0 0 -2 2 2 -1 1 2 -3 2 -2 1 2 3 -1 2 0 -1 1 3 2 1 4 7 -5 0 3 1 1 1 0 1 -1 1 4 0 -3 2 -3 1 -3 -4 -6 -1 4 7 0 4 0 7 7 1 5 -3 -2 0 0 -3 1 -1 3 0 -4 3 1 4 -3 -4 -1 2 1 5 3 2 0 0 -6 2 -5 -1 1 0 1 0 3 3 -1 -1 1 -2 4 -4 0 -3 0 -4 3 2 -1 0 0 -1 -4 -4 0 1 3 2 -2 -5 1 2 -6 2 6 1 2 -2 2 0 3 2 -1 -2 -5 2 7 3 -5 3 0 -4 2 2 -3 3 2 -1 7 6 -2 -2 -1 -4 2 -2 -2 -1 -2 1 -3 1 3 1 -5 -1 -4 -4 1 -3 5 2 7 2 -1 -6 -7 -4 1 4 4 4 -1 0 -3 -1 2 -5 2 1 2 5 1 0 1 3 3 1 2 1 -7 -1 -3 -7 3 1 3 0 -2 -2 -2 -1 0 2 -2 -2 0 -1 2 -4 -2 3 -4 -1 -3 -4 1 3 -3 -1 0 2 0 -1 -2 -1 0 -2 -1 2 1 0 3 2 0 0 0 -3 -2 1 0 -4 -1 1 -1 -4 -1 4 3 -1 -3 -2 1 1 0 1 -1 4 -2 -1 -2 4 -2 -2 -3 -1 0 2 0 1 4 -3 1 4 3 -6 -1 -1 5 4 -6 -7 -3 2 -1 -4 6 6 -1 0 3 3 0 1 2 -2 -2 0 2 2 -1 0 3 -1 -4 -3 -1 4 6 -1 0 2 2 -7 -5 3 -2 7 4 0 -2 4 -2 -2 -3 -6 -2 -4 -1 -2 0 0 1 4 1 4 2 -2 2 1 -3 -3 1 0 4 2 1 0 1 3 1 2 -2 -3 -1 2 -1 -3 -1 0 4 6 -1 -1 -3 -1 2 0 0 0 0 2 -2 0 -3 4 0 -1 -1 0 -1 -3 -2 2 1 -2 -7 -2 0 2 -3 -1 -4 2 1 4 0 5 5 5 4 4 3 0 1 -2 -2 0 2 -1 1 4 0 1 0 -2 5 -4 1 -1 -2 -3 -7 -2 2 -3 0 -1 2 1 -3 1 3 -1 -3 1 -1 0 3 2 6 -3 0 0 -2 -2 0 1 2 0 3 -4 -5 1 -4 0 -2 3 6 3 2 -2 2 -1 4 1 7 6 4 4 3 -1 -1 0 4 1 -1 -2 5 2 6 4 7 0 1 4 0 0 1 2 3 0 2 0 2 0 -1 1 -1 -7 -6 -5 0 -4 -5 -6 3 2 -2 -1 1 0 0 0 0 4 -2 -2 3 -2 -5 -4 2 1 1 -3 -3 -5 2 -1 -4 -1 -2 -4 2 -4 0 -2 -1 -2 -1 -5 -2 -4 2 -5 -4 1 0 0 -3 1 0 0 2 2 0 0 0 2 1 -5 -7 0 2 -1 -5 -1 0 2 -1 -7 1 1 -7 -2 0 0 0 2 5 1 0 3 5 1 1 1 1 -1 -1 2 3 5 0 0 -4 2 2 -7 -4 0 2 1 1 0 1 7 5 -1 -2 2 3 -1 0 1 -2 -1 -1 3 -3 1 -6 -7 2 0 -2 -1 -1 -2 2 1 1 1 2 7 -1 1 2 -6 -4 -3 0 -4 0 5 5 7 -2 -4 -6 -1 2 6 3 7 5 5 5 0 0 2 0 -3 -2 2 4 0 -2 0 0 -4 1 -4 -1 1 -1 -1 -1 -5 -3 -2 -3 -2 -1 0 -1 1 -4 1 -3 0 -7 -1 0 -4 0 4 1 -1 3 2 1 0 1 -3 -3 -5 3 -5 -2 -4 0 7 0 0 -6 -5 0 2 1 2 3 0 2 0 0 3 -1 -1 0 -3 2 2 3 2 3 3 1 -5 -3 0 1 4 4 2 3 2 0 3 0 0 -2 0 2 -1 2 0 -1 3 -4 -1 -2 -2 -3 0 -3 -7 0 1 5 2 7 0 2 1 4 -1 4 7 0 -1 1 2 -1 -1 1 3 0 -2 5 4 1 -3 -3 -5 -2 -2 -7 3 1 0 -2 -5 3 1 -3 4 -3 1 0 3 -1 5 3 -1 4 6 0 1 6 -2 1 4 -3 0 0 0 -1 0 0 6 -1 -1 0 -7 -1 2 -3 0 -3 -3 0 -2 -3 0 -1 0 4 2 6 6 2 2 3 -4 -5 -7 2 -6 -1 2 2 -2 1 5 -2 0 0 3 -1 -2 -1 7 1 -2 -1 0 -3 -2 -2 -2 2 4 5 0 5 1 6 4 2 -4 0 2 1 1 2 1 -1 0 -4 -5 1 -3 5 1 1 3 3 1 4 2 4 2 -1 2 -4 -2 -5 1 -5 -1 -2 -5 1 2 -2 -4 -4 -4 3 1 -5 0 1 -3 -6 1 5 -5 -7 -3 -7 -7 -3 2 0 2 0 -3 4 5 0 0 0 -3 -3 5 -3 -1 7 2 2 0 -4 -3 2 1 -2 0 -2 2 1 -1 -2 -4 2 -2 -7 -4 -5 -3 1 -1 -5 2 -2 -5 -4 1 2 0 1 1 0 -1 5 0 3 -2 -2 -1 -2 -4 1 0 0 6 4 2 0 3 1 0 1 0 -2 2 0 2 6 0 2 2 -2 -2 -2 -1 -4 4 0 -2 -3 2 -2 2 0 -1 1 3 -1 1 1 -2 -3 -2 -5 -1 -2 -1 1 -2 -1 5 -1 5 -3 3 -1 -5 -3 -3 -1 2 2 -1 -3 1 0 -4 0 1 2 1 -6 -7 -4 -3 1 1 0 4 5 7 -1 -4 -7 -4 2 0 0 0 -1 1 3 -3 -3 0 1 -2 -3 0 1 0 0 2 2 3 -1 -3 -4 0 -1 -2 -2 0 0 0 0 1 0 -1 -1 7 2 2 1 3 3 1 3 -3 -2 1 -4 0 5 -4 4 1 -2 -1 -3 -2 0 -2 3 7 7 3 -4 1 1 0 -3 -3 -3 0 -1 0 0 5 0 0 -1 -2 1 1 3 0 -1 6 -3 3 -7 -3 -1 1 1 5 -1 -4 -3 -3 1 -2 -1 2 4 3 -1 -3 -2 1 -1 4 -2 4 1 -1 0 -5 -3 -1 -1 1 1 6 0 -2 0 3 0 3 1 -1 -2 -1 1 4 -2 -4 3 1 -4 -2 3 -2 3 -3 7 2 2 1 0 -1 0 5 -2 -2 -4 4 0 4 3 -1 -1 -2 -3 -4 -2 0 2 3 -1 -1 -2 0 -4 -4 -1 -1 -1 -2 -6 1 1 0 4 -3 -2 -1 1 1 -3 4 6 -2 -1 0 5 -1 5 7 0 0 0 2 2 -4 0 5 -1 3 4 3 0 0 1 0 0 -4 0 -1 -2 0 2 -1 2 0 -2 2 -3 -3 -1 -2 0 -2 4 -2 -1 -4 -1 0 -1 0 1 -1 0 -4 -3 2 0 -2 -1 6 5 2 1 -1 1 0 1 -3 2 -2 0 -1 -2 0 2 -1 0 4 4 -3 3 2 -3 -4 -3 -7 2 -6 -6 -5 1 2 5 -6 0 -1 -5 3 -2 -5 2 -1 1 4 1 4 1 3 1 0 -5 -1 2 2 1 2 3 6 -1 0 4 1 2 2 1 -2 -1 -3 1 -3 -7 2 -4 -5 2 -1 -2 6 -1 -2 -2 -7 3 -2 -1 -1 -3 0 5 -4 3 1 5 -2 3 -2 3 7 2 7 5 2 -3 -2 -2 0 1 1 -1 -1 -2 2 3 0 1 0 1 0 -4 2 1 -3 -5 -5 -7 -2 0 -3 -1 1 1 0 -4 -2 -1 -1 -1 2 3 5 -3 0 -1 0 0 4 -1 1 -3 3 -2 -3 -3 -4 -3 1 2 1 1 0 2 3 0 3 1 -2 1 4 7 3 2 1 -3 -4 -4 -2 -3 2 2 2 7 4 0 0 1 -3 -3 -1 0 2 -3 1 2 6 0 -2 0 0 -5 -7 0 1 2 -2 1 2 -1 0 -1 -1 4 3 4 1 2 -5 1 -3 -1 0 -2 -3 -1 1 2 1 2 3 2 0 -4 -2 -3 -3 -4 -3 0 -3 -4 -2 0 -7 5 7 4 7 7 7 -1 -1 0 1 0 -1 2 0 2 3 3 1 -1 -5 -2 1 -2 1 3 1 6 1 1 -3 -1 -4 -4 -1 -1 -1 4 2 3 -1 -5 1 0 1 -1 0 4 0 5 0 2 -1 0 3 -2 -1 0 -1 2 -1 -1 -1 -1 0 2 1 0 2 4 5 0 -1 1 -1 1 -3 3 7 3 -4 -1 2 -7 -1 -7 -3 4 -1 2 0 2 1 2 -1 1 -2 2 3 -2 -4 0 4 -3 0 2 2 -5 -1 -5 -4 2 2 0 0 -1 2 1 7 2 0 -2 2 -2 0 -1 -1 4 -5 -2 -2 -1 1 3 3 -5 0 3 6 3 -1 -1 -2 0 4 -2 -1 6 -1 -6 -7 1 0 0 0 -3 1 3 -1 -2 0 0 0 0 2 4 -5 -2 1 2 -1 -4 3 -3 3 -2 2 3 4 -3 -3 3 -4 -1 5 -1 -2 -1 1 2 -1 0 -2 -3 -1 0 -1 -1 -7 7 3 -3 -1 0 3 1 -1 0 1 1 0 1 -1 1 5 3 -2 -2 -5 -5 -4 -7 2 -4 -3 -3 -3 -2 1 -1 -3 2 0 1 -1 -2 0 2 1 0 -2 4 0 5 -5 -1 0 0 0 -3 -4 3 0 1 2 1 3 4 -1 3 3 1 5 1 -4 -3 -3 -1 -2 0 -5 -1 -4 -3 3 -1 2 -4 -1 -2 -7 -3 -6 -3 1 -1 -6 -4 -1 -1 -1 1 3 4 -7 2 3 2 1 -2 -1 2 -2 1 1 2 0 -1 -1 1 1 1 2 7 0 5 2 -3 -4 -3 -4 -2 1 2 4 4 -4 -2 -3 -3 1 -4 4 3 4 1 -1 3 7 -2 1 6 0 2 -1 -4 -2 -5 -1 -1 0 0 2 2 3 2 1 -2 

UNSIGNEDQUAN C 16 H 14 W 14
BIAS 29 50 51 -32 9 112 -69 39 26 -54 -38 -10 -25 44 -4 -26 
SHIFT 5 5 5 5 4 5 5 5 5 5 5 5 5 5 5 5 

POOL C 16 H 14 W 14

CONV CO 16 CI 16 H 7 W 7
2 0 1 -5 0 -1 0 4 5 -1 -1 0 -1 -2 1 -2 -5 -3 2 3 -6 -1 -3 -4 3 0 4 2 0 1 0 7 1 -1 -2 -2 2 2 4 3 -2 1 -1 -1 4 0 -4 -4 0 -3 3 3 5 -5 2 0 1 2 -1 3 0 1 0 -3 -1 -1 0 -1 4 -1 3 0 1 6 -1 -1 -3 -5 -7 -3 -4 2 7 1 1 -5 -1 -1 1 -2 0 -2 -2 -3 -1 -2 1 0 2 1 1 -1 5 2 -3 -5 -6 -3 -2 -1 2 2 3 6 -2 -4 -3 3 2 3 -3 3 0 6 5 4 0 4 -3 -2 5 2 -1 1 -5 4 4 0 1 -2 -4 -1 1 -3 1 6 1 4 -1 -1 5 0 -1 0 2 0 -3 -1 2 4 0 4 -4 -2 1 1 1 2 2 0 -6 0 -6 -5 0 -3 -7 4 -1 1 -2 1 -1 0 2 4 2 2 -1 1 2 4 1 -2 -2 2 -2 -3 1 5 7 0 0 -4 0 0 -6 2 7 3 1 0 -4 -1 0 2 -3 -5 1 0 2 5 -2 -4 0 -5 0 -3 0 0 3 2 1 -2 -3 -4 -2 2 3 -4 -1 0 0 -1 1 -4 3 1 -1 -1 1 -1 -2 -1 -2 2 -2 1 -2 0 -3 0 -1 -2 1 0 -1 3 -5 -1 1 -5 -3 0 1 1 3 3 -1 1 1 2 -2 -5 -2 0 0 -1 -5 -2 0 -3 -2 -2 -2 -3 -1 -1 0 -2 0 2 -1 -3 1 -4 3 4 0 2 -4 -1 -2 -3 0 2 -1 -7 3 0 1 1 1 0 -3 -1 0 -1 -1 -3 -1 -2 0 -1 1 -4 1 -2 1 3 -2 3 -3 -3 -4 -3 -3 0 1 1 4 0 0 -7 -7 -5 1 -1 0 2 5 2 -2 2 5 1 1 2 -1 3 2 2 3 3 -2 3 0 -5 1 -2 -1 2 -3 -1 1 1 2 3 -2 -1 2 3 2 1 2 3 1 2 0 0 7 1 4 6 -4 -3 2 3 -1 1 -1 2 -1 -3 3 2 0 2 1 1 1 -1 -1 2 -1 2 -2 4 3 7 6 -2 2 2 2 -1 2 2 -2 -3 3 1 -1 3 2 0 -1 1 -1 3 1 -3 -5 3 1 -2 -1 4 2 0 3 3 -1 0 -2 4 4 -1 -1 -5 -2 0 0 -1 2 1 3 5 -2 -4 6 2 -1 -1 3 1 5 -3 0 3 1 -1 -2 1 1 0 2 1 -3 -2 -4 0 -4 -1 -2 -2 -1 3 -3 -1 3 5 1 2 -1 -2 3 1 -4 1 7 3 -2 5 5 -3 -6 3 3 -4 -5 0 3 3 -3 -7 -5 3 -1 -5 0 1 0 -3 -3 1 -1 1 -2 -1 -5 2 3 -4 0 -1 -1 1 3 -1 4 3 4 2 -3 3 3 -2 0 1 0 1 -4 1 5 0 -3 -4 -4 -7 -1 5 -1 3 3 0 -1 1 -1 -1 4 1 2 -4 -1 -4 -3 -1 3 4 -3 4 1 3 4 1 -3 -1 -5 -2 -1 -2 0 -1 -1 0 -2 3 1 2 2 -1 2 2 3 3 -1 -2 2 -2 2 1 3 0 0 1 -2 0 -4 -5 -3 3 -2 -2 3 1 -1 -2 -1 -2 -7 -4 -1 2 -3 3 2 -2 -1 0 -4 1 1 0 1 -1 2 -1 -1 -2 -4 -2 1 -1 2 1 -2 -2 1 -1 -1 0 1 2 1 -2 3 5 2 -2 0 -3 -7 4 3 -2 1 -2 -6 -2 -2 -1 -5 -5 0 -2 4 -1 -4 -1 -4 2 6 5 4 -1 -5 -3 -4 -7 -3 3 1 -3 2 3 -4 -4 6 2 0 0 2 -2 -2 -1 -2 0 -6 -3 2 -5 -3 -1 -2 2 1 1 2 5 2 6 7 1 -2 0 0 -2 -2 -1 1 -2 -1 2 1 -1 1 -1 4 4 6 -1 1 2 -6 1 -4 1 1 2 2 3 2 0 -1 3 -6 2 0 1 3 3 2 1 -1 2 -7 -4 0 -2 2 1 3 -1 0 -3 -3 6 3 3 1 -2 -1 -2 4 5 0 4 2 -5 4 4 -2 -2 0 -4 2 3 1 0 0 5 -1 -7 7 2 -3 0 0 -2 4 5 6 -6 -2 -2 -2 0 6 2 -2 0 0 -1 1 -2 -3 -5 2 0 1 -1 -4 1 -4 2 3 2 4 -2 -1 2 3 1 4 -2 -1 -1 -2 -2 -2 -3 -1 2 1 1 1 0 3 0 6 -1 -4 -2 3 4 6 6 7 1 -1 3 -3 -3 -2 -4 -2 0 -1 1 2 -7 0 -1 -5 0 0 2 1 7 0 -4 -2 -4 -2 -1 -1 1 6 6 0 -2 -6 0 -1 3 -1 0 -3 4 -2 0 1 1 2 -4 0 -1 -2 -1 -4 1 4 0 -2 2 4 0 6 2 -3 3 -1 -3 0 4 -5 -1 -2 -3 1 1 -1 -3 0 -4 -4 3 0 1 1 -6 0 0 2 2 -4 -2 2 -1 -5 -2 2 -1 -2 1 2 7 3 -1 0 4 -2 -5 -7 -5 -2 0 -6 -5 0 -1 -5 1 2 2 1 3 2 1 -1 1 7 0 1 -2 -2 -2 3 -1 -2 -4 2 1 1 -3 2 5 -3 -5 -2 1 -1 -6 -2 1 0 -1 3 5 0 3 0 -1 1 -1 0 1 4 -4 -3 -5 -1 -1 1 1 5 6 -6 0 4 1 -2 2 2 0 -2 1 0 5 -1 -1 -3 2 -2 -2 -2 0 0 0 2 -1 -2 1 5 -4 -3 0 -1 1 -2 0 0 -1 1 -2 1 0 -2 2 -5 -2 -3 1 0 -1 1 2 4 0 -1 -2 -1 -4 -3 -3 -2 2 -7 -5 -4 1 1 -1 -1 3 2 0 2 4 -1 -6 -7 1 0 -1 -2 0 -1 0 1 4 -2 1 0 2 1 -1 1 -3 4 -1 0 5 -2 0 0 0 -1 -1 0 -4 -3 2 -2 4 -1 0 1 1 0 -2 1 7 1 4 1 0 0 3 -1 2 0 2 -1 0 -1 2 0 -3 -3 -5 3 -2 -1 0 -4 0 5 1 -1 -2 -1 -1 2 1 4 7 -1 0 1 0 -2 2 -3 -2 0 2 -7 5 -1 2 2 2 0 -1 5 -1 -4 -2 -1 1 -2 1 -2 -2 7 4 2 1 3 1 3 -1 0 -1 5 4 0 4 -1 2 -1 -2 -2 7 0 3 2 -4 -1 -2 1 3 5 0 2 -3 3 1 4 0 3 -2 2 0 4 -2 1 -1 -2 -3 3 0 4 2 -3 -1 0 3 2 1 -2 -2 3 0 4 2 0 -2 -4 -3 -1 -3 -4 1 1 0 2 -3 1 0 3 -6 1 7 -3 -5 6 2 -3 -3 2 2 1 6 2 -2 2 -1 -2 -1 0 1 0 2 0 1 -1 1 5 6 0 3 5 1 2 2 -1 2 5 4 2 1 0 -3 7 -2 2 -2 1 1 -3 -3 -1 1 -1 0 3 -2 -2 3 0 0 1 0 -6 -4 1 0 5 6 1 0 0 1 1 7 -4 2 5 -1 -6 -6 -1 2 1 -2 0 -1 7 -1 -5 -6 -2 -1 -1 1 0 0 1 -6 5 -2 -5 0 -3 1 -6 -3 1 1 -1 -1 -4 1 1 5 1 -2 0 -5 -1 -5 -7 1 -4 0 1 2 4 2 -1 3 1 -1 3 -3 0 -2 -4 -2 -4 5 -3 1 2 -4 -7 -2 -4 -7 -3 -3 -2 1 7 4 1 3 1 -1 1 1 1 1 0 -1 0 -3 1 0 -2 1 2 1 1 1 -2 1 1 3 2 2 -5 2 -4 -3 0 1 5 2 3 2 -4 1 2 1 3 4 2 0 5 -4 1 5 2 1 3 -1 -2 -4 1 0 -3 2 -4 -1 -1 0 0 1 0 1 2 -2 -1 0 -1 4 3 5 1 -1 5 0 -2 4 0 0 -3 -4 -1 -5 -3 0 -6 -2 -1 -3 -2 -2 2 -1 1 -2 5 0 4 -4 -3 -3 -6 1 -2 -3 -1 -2 2 0 -4 -2 -2 4 4 1 -1 -3 1 5 0 2 -1 3 -1 6 2 -5 2 0 2 -1 -3 -2 1 2 7 7 4 2 2 3 3 -1 3 -1 -2 2 -3 -5 -1 -1 -4 0 -1 -3 -3 -3 2 1 0 -6 -4 -5 -3 -1 -3 0 3 -1 1 -3 -2 -1 -1 -6 1 -2 3 7 1 -1 5 0 -1 1 2 1 6 3 -1 4 2 3 0 1 -3 -7 1 4 0 -1 -1 -2 0 -2 -3 3 4 1 -4 2 2 2 -1 3 5 -1 1 -1 4 -2 -2 -3 -1 -5 6 0 -2 -2 -6 -4 1 0 3 0 0 4 0 0 -1 1 2 -2 -2 0 -1 2 3 -2 -4 0 -6 -3 2 6 2 3 0 5 2 3 2 2 1 -4 -1 -5 1 -3 -7 1 -1 5 3 -1 0 -3 3 -1 -1 1 -7 -1 2 1 4 1 1 0 -2 7 -1 -4 0 5 -1 0 -4 4 0 2 -1 2 1 0 2 -1 0 3 -3 5 -1 1 -2 4 3 3 3 -1 1 -2 1 -1 -2 -3 1 -2 3 -2 5 7 3 4 1 0 0 -2 2 0 0 3 -2 0 -7 1 1 -2 -1 -5 0 1 4 -2 -2 3 3 1 4 3 4 2 0 -3 -3 4 0 1 2 -3 -7 0 1 -4 -1 1 0 0 -2 0 2 -2 -3 0 1 -2 -1 -4 2 -1 -2 -5 1 -2 -7 1 -4 -2 0 -3 2 0 -2 -1 -1 -1 0 -1 6 -3 5 4 3 3 0 0 0 -1 5 2 4 1 6 2 -3 5 -1 -1 1 -1 -4 1 -1 2 2 2 1 3 4 1 -3 -2 -1 1 0 3 -1 0 -5 0 1 1 0 -1 6 -5 -5 -7 1 -1 2 -4 -2 2 -3 1 4 4 2 7 -2 7 -2 -1 -1 -2 1 4 4 -1 5 2 -1 1 -4 2 1 -2 2 -4 3 -1 -1 3 0 -2 2 -2 -3 1 -4 -1 5 1 4 2 -2 2 -2 2 2 0 -3 -3 -3 -5 -3 5 2 -1 1 2 3 1 7 0 -1 0 2 2 2 1 1 -2 -1 1 -2 -1 0 -6 0 1 0 -1 0 -1 -2 -1 -1 -2 -1 -2 2 0 4 4 -5 1 2 -1 -3 -1 -4 -1 3 1 1 0 -3 7 7 5 1 -1 0 4 -1 1 -2 1 0 1 6 4 0 -2 -3 -4 1 -2 2 1 3 -2 0 0 -3 -4 1 2 -4 1 -2 1 4 1 1 0 -2 -3 -2 0 4 1 -4 -1 -2 2 5 -3 1 4 4 -4 -2 -5 5 1 1 0 -2 2 7 2 -3 -3 -4 -5 3 3 -6 7 3 2 0 -2 -3 1 -3 -3 0 -1 3 -2 1 3 -1 1 1 5 2 2 -7 6 5 -1 0 0 4 -2 1 -3 -5 1 2 0 -2 2 -1 -2 0 -1 1 -1 1 1 2 0 -4 -2 0 1 -2 1 6 -2 -2 2 -6 -4 0 -4 -1 -2 0 -5 2 0 2 7 1 -4 5 6 -1 0 -1 -2 -3 4 0 -2 5 -1 -4 -4 -1 1 -7 -1 -1 -2 -5 -4 1 -7 1 0 -1 2 -2 3 -3 0 0 3 -3 0 -1 -3 2 4 0 2 0 5 0 -2 -3 -2 1 -1 -2 -1 3 1 0 0 1 1 -5 1 2 -3 -1 3 0 3 -4 -2 2 1 -7 -1 -4 -4 -1 -1 1 -1 -3 2 -5 0 -3 -1 1 3 1 5 -2 -2 7 -3 -6 -3 -3 -1 5 2 4 2 5 2 3 1 3 5 -1 -3 0 -1 -3 2 

UNSIGNEDQUAN C 16 H 7 W 7
BIAS 15 -24 9 26 -101 60 -67 -56 137 47 7 27 79 90 18 -98 
SHIFT 5 5 6 6 5 5 5 5 5 5 5 5 5 5 5 5 

POOL C 16 H 7 W 7

FC CI 144 CO 128
-4 0 -4 1 1 -2 -2 -3 -3 -3 4 -3 -2 -3 -7 -2 3 -2 6 2 0 -3 -2 -2 -2 -7 1 3 0 4 0 1 1 2 -7 -2 5 -6 -1 -3 -2 -2 3 -5 -2 1 -3 0 1 -4 5 0 2 -2 -2 2 0 -2 2 0 2 0 -5 -4 -4 2 -3 0 1 0 -1 4 3 -4 -2 0 -7 2 0 -4 3 4 -3 -2 -3 0 -3 -5 -1 1 0 -3 -3 0 -1 0 -1 -5 3 -4 2 -1 0 -1 -1 -4 -4 -4 0 -2 1 -6 2 -1 0 1 2 2 -6 5 1 -4 -3 -1 -3 -4 -4 5 2 6 -4 2 0 4 -5 4 -2 6 1 1 -7 -1 -5 1 2 -4 -7 3 -5 1 -3 1 -3 -1 -1 2 2 -6 2 -5 0 0 -2 -4 2 5 3 -2 -1 0 -6 2 -3 2 1 0 -2 0 0 3 1 3 0 0 4 -4 -4 -6 3 -3 -6 -2 -7 -1 -3 1 1 7 3 -1 -3 1 -2 -2 1 -1 0 0 2 -1 -2 -2 3 -7 -4 -2 -4 2 2 -1 4 -3 -3 -4 -1 4 1 -1 4 6 2 -1 -3 -3 -5 4 1 2 -4 -4 1 -3 0 0 3 2 -6 1 0 -4 -2 2 -4 -7 -2 0 6 -2 0 -1 3 -5 -6 -2 5 2 -1 -2 -1 -6 4 2 7 -2 0 1 3 -1 2 4 -3 3 5 -4 2 -3 2 -2 -7 0 1 2 3 -4 -1 1 1 -7 1 -3 1 -3 2 3 -2 -4 3 -3 -2 -3 2 1 -7 1 -3 1 2 -2 -3 -4 3 -3 -7 -3 2 -1 -4 -4 -4 -1 0 3 1 -1 0 -2 1 -2 1 -1 -1 6 0 -2 3 0 -1 -7 1 -2 6 -4 2 3 2 1 -7 -1 -3 -2 -3 -5 -1 -1 5 -7 -3 6 -1 -1 2 -7 -3 -6 -3 -6 -7 1 0 -3 0 -1 4 -2 -5 1 1 -3 -3 -1 5 3 3 -4 0 -6 -1 0 -3 0 -5 -4 -7 2 1 -1 -4 -5 0 -6 -5 -1 -1 3 -7 -5 0 0 -1 -2 2 -5 -3 1 -7 -2 -6 -6 1 -5 2 0 0 5 -3 -3 1 -2 -4 2 2 0 -4 -4 2 3 1 -1 1 -4 2 5 0 -7 -2 2 0 -3 2 -3 -1 1 2 -4 0 1 3 0 -1 4 -4 -2 -7 -1 3 0 0 2 -1 4 -6 -3 0 -1 0 -3 1 -4 0 3 0 -1 -7 -3 5 -5 -1 -4 -3 -3 0 6 0 3 2 3 3 -1 2 -7 -2 3 -2 1 4 -7 -3 -3 1 0 3 2 -2 -2 -5 4 1 2 -2 -3 -5 3 -7 -3 -1 -2 -2 0 0 -1 0 -3 -1 -3 -5 -1 0 -3 0 -5 2 1 -6 3 3 4 2 0 -5 3 -1 -2 -1 6 -2 -1 0 -4 -5 -1 -1 -2 2 5 2 -5 -5 2 -1 1 2 2 0 1 -4 0 4 1 -2 -2 -1 -1 0 -5 1 -4 3 0 -5 2 2 1 -1 -5 -1 1 -2 0 1 -1 1 0 1 -3 0 -5 2 3 -5 -3 -7 1 3 0 -1 0 0 -2 3 1 0 -6 -2 2 -4 -3 2 -2 2 0 6 6 5 6 -2 -4 -4 0 -7 2 2 -3 1 -3 -3 7 7 -1 -7 -1 -4 0 0 -2 -5 -3 3 -4 -2 -2 0 -4 -4 2 -5 -3 -5 -3 5 0 3 -3 1 -2 1 -3 0 6 3 0 -4 3 2 2 -4 -2 0 1 -1 -7 2 4 1 1 -5 2 -3 -2 1 1 0 0 -2 -7 5 3 -1 -4 -5 0 -5 -6 0 -2 2 -4 3 -1 1 -3 -7 -1 1 -3 1 -3 -1 -3 -6 0 1 -2 3 -1 -2 -2 -7 -5 3 7 -2 -3 -2 -2 -4 -3 2 1 -1 -1 -4 -3 -5 -5 -3 -4 -2 2 -1 0 -2 2 -2 1 1 0 -3 -7 5 1 5 -1 -3 -2 4 -3 6 0 0 4 -7 0 1 0 -3 2 1 -1 -4 -4 5 1 -1 -2 2 3 -1 0 3 2 0 -2 0 -1 5 2 -2 2 -3 2 2 0 -4 -1 0 2 -2 0 1 2 -1 2 4 0 -1 1 1 2 0 0 5 0 0 3 4 -1 -3 3 -2 0 1 2 -1 -7 4 -4 1 0 -7 0 2 -1 1 -1 1 0 -2 5 -2 3 -2 3 0 -2 5 -3 1 1 -4 -2 -2 -1 -4 -3 -4 1 -3 5 -1 0 -1 0 0 3 -2 -7 1 1 1 2 0 -1 2 1 0 0 1 3 0 -1 -2 -1 0 1 -2 2 -3 1 -3 2 -2 -2 2 1 -2 -2 0 1 2 -2 0 -3 0 -3 -1 0 0 -1 -4 2 0 0 0 0 1 -1 -2 -1 -5 -2 5 0 1 1 -3 2 -1 0 1 0 0 -4 -2 2 0 0 2 -1 0 -1 5 2 -1 1 -1 -1 2 1 1 4 2 1 4 4 0 -1 0 0 2 0 -1 -3 -1 -2 -2 2 1 4 2 -1 1 -2 -1 0 2 1 -3 2 0 0 0 -4 -3 2 2 -5 -1 -1 -2 3 2 3 1 -1 3 2 2 3 -4 -3 -4 -1 -3 1 -3 4 -3 6 0 -4 3 -6 -1 3 -2 -1 -4 3 -7 -2 0 -6 3 -2 2 0 -2 1 3 -7 -2 -7 1 -2 3 -2 5 2 0 -7 4 -1 -2 6 -4 1 -7 -1 4 -1 -1 -4 -1 -1 -2 3 2 3 -2 -1 -6 1 0 3 -2 0 -2 4 0 1 0 -4 -2 7 0 -2 0 -2 -1 3 0 -2 1 -3 -1 -6 0 -1 1 -6 3 1 -7 0 1 4 2 -1 2 -7 -2 -4 -3 2 -3 5 -6 -3 5 -4 -1 3 2 -2 -7 3 0 2 1 1 4 0 0 -1 0 2 5 1 -6 -3 -5 4 -5 -6 0 -3 3 0 -1 -1 -2 1 1 -4 0 4 0 3 2 6 4 -6 4 2 0 -1 -1 0 1 3 2 2 5 5 3 -4 0 -1 0 2 -1 -7 2 -2 6 2 0 -2 3 1 1 -1 -3 0 1 -3 -4 1 -5 0 1 -1 1 4 -3 -7 5 1 2 -4 1 -1 -4 3 1 -1 -2 4 -1 -2 -2 3 -1 1 0 0 -2 -1 -3 2 1 -1 -3 0 0 1 -4 0 1 2 2 -1 0 -1 -1 -1 -3 3 -2 0 -4 1 0 -4 -2 0 0 -2 3 0 6 3 -2 4 -7 -3 -1 -1 -3 2 3 -3 0 0 2 -1 1 -5 -7 -1 -5 0 -6 -1 -3 -2 -6 -1 -1 3 -2 2 2 -3 -1 -6 1 0 -3 -4 0 3 -1 -2 0 -2 -5 -2 -4 -3 -1 0 0 4 -1 -6 0 0 -3 -1 -1 4 -1 0 -1 1 0 0 -7 7 -1 -5 -2 -2 0 -4 -1 2 -7 -1 -7 -1 1 -1 -1 2 0 -3 -4 0 -1 0 7 -5 -4 0 -2 -1 1 -1 3 4 -4 -2 0 1 -1 4 6 0 0 1 1 -1 -2 0 -3 1 3 7 0 3 1 -4 2 2 -1 -2 -3 2 -2 -4 0 -1 4 2 3 0 1 -2 -3 0 -3 -1 1 -3 -3 3 -1 1 0 -2 -1 2 6 -2 0 0 -4 -2 2 -3 3 0 -1 -2 1 5 -4 2 -2 -1 2 -2 1 0 3 2 -1 2 0 -2 -2 -2 -2 2 -1 1 2 1 1 -1 -1 2 0 -2 3 -1 -1 2 0 3 3 2 0 5 1 -2 1 -2 2 -3 3 -1 0 0 -1 1 5 -1 4 0 -1 -2 -2 -3 3 1 3 0 4 -2 -1 5 -1 2 -1 -1 0 -2 1 1 2 0 0 1 -1 -1 2 3 -1 -1 0 3 -6 -4 1 -3 2 2 1 -1 0 2 0 2 -6 1 2 3 3 1 -1 -1 0 -1 -2 -1 2 2 0 -2 -3 6 2 2 2 -1 1 -3 4 0 0 3 -1 0 2 -1 4 -3 -2 0 -1 -7 2 1 -1 -1 1 0 4 2 0 -5 7 0 0 0 4 2 0 -7 -1 2 -2 -2 2 -1 4 -1 -3 -2 -1 0 -2 0 0 2 -3 -1 -1 0 2 0 -4 -1 0 -4 -1 -1 -1 1 -1 -7 0 1 -2 -1 -1 -1 0 -5 5 0 0 -3 -2 -3 -1 1 3 -1 1 1 -3 -2 -3 1 4 -3 1 7 1 2 -3 -3 2 1 0 1 -7 2 -2 -5 6 4 -2 1 0 -2 2 -6 -1 -1 -4 -1 -2 -2 -4 -1 3 1 2 0 1 3 -1 -3 1 3 -3 1 -1 -6 4 0 -5 1 -1 -1 2 -1 -2 4 1 0 5 1 2 2 0 -1 1 -3 0 1 -7 0 -6 -1 -1 2 0 2 0 0 0 2 -4 -3 -4 2 2 2 3 -4 0 2 -3 1 -2 -1 -1 5 2 -3 6 0 3 0 1 0 1 -1 -2 1 -1 0 -6 -6 1 0 5 2 -2 1 -3 0 -2 1 6 -1 -2 0 1 1 -3 -1 -1 -1 -3 -2 0 1 3 1 -2 -2 -3 2 -2 2 0 1 2 0 1 1 -1 -6 4 -6 -2 5 -2 -2 -5 1 -3 1 4 -1 3 0 -1 2 -2 4 3 -3 -1 -5 1 -3 1 3 -6 -1 6 2 0 0 2 -2 -1 -3 2 2 1 -3 1 0 2 -1 -7 -1 0 -1 -3 1 -1 1 -3 0 -1 1 1 -5 0 -1 -2 0 0 -7 -1 2 2 1 -1 2 -4 -1 -4 -5 1 -2 3 -3 2 3 1 2 -1 0 -3 1 1 -6 0 -2 2 0 -2 2 0 1 3 -1 -3 1 -2 -3 -5 2 -2 0 5 2 1 -3 -1 1 -3 2 -4 4 2 -1 1 1 -3 0 4 4 -1 0 -6 1 2 1 3 2 0 0 3 2 -4 2 2 3 4 2 1 -1 -2 2 5 -3 -2 1 0 0 2 2 1 0 -1 -6 -5 -2 1 0 -1 -1 3 -5 -3 -7 4 2 -2 2 1 3 0 -5 5 2 -3 -4 -1 2 2 3 -3 4 -3 1 2 2 5 -2 2 0 -3 1 -2 0 -2 0 3 -2 0 1 -2 5 6 -5 2 1 2 0 0 6 4 0 3 -1 -2 6 2 1 0 4 4 0 0 -2 2 3 -3 2 5 -1 0 3 2 -1 -6 1 1 0 1 3 1 -5 0 1 4 -7 2 0 -3 0 0 4 -1 1 -3 1 -3 -3 -4 -1 -2 0 3 3 0 -3 0 0 -7 -2 3 -3 -1 -2 -2 -1 1 4 -1 0 -3 2 -3 -7 -1 -1 -1 -2 -3 -4 2 -1 -2 -3 1 1 2 -3 0 2 4 1 1 0 0 2 -2 -6 4 -3 -1 -2 1 -3 1 1 -2 2 0 -2 -4 0 -2 -5 -4 0 0 0 -4 3 -1 -2 0 -2 3 -4 0 1 0 2 -2 3 -4 1 0 -3 2 0 -6 1 -2 0 3 -2 -1 0 -1 2 -3 -2 -5 4 -3 0 1 1 -3 -3 0 2 -3 -2 0 0 -1 -1 0 -2 0 -1 3 -3 0 1 -1 -4 -1 -1 1 -3 2 -2 -3 -1 2 0 0 0 -2 -1 0 -1 0 0 0 7 -2 0 1 1 0 -1 0 -2 1 0 -5 -2 -4 3 2 -1 1 -3 -2 3 0 3 3 -1 -1 2 4 -5 -1 0 0 -4 0 -3 -2 -6 -3 5 1 3 2 -2 -2 2 1 0 -1 0 1 -3 -1 2 -1 -6 -1 -2 3 2 -1 0 0 -3 -1 0 1 4 -4 -1 3 4 -1 -1 1 -1 -1 2 1 2 2 2 0 3 -2 -2 0 -1 2 -1 2 2 -1 1 0 -2 -5 -3 1 0 -1 -2 1 -1 -4 5 -1 2 0 2 -4 1 1 1 4 2 -3 5 1 2 -1 0 3 0 0 0 5 3 1 5 -3 1 2 -1 2 2 0 3 -3 0 0 -2 2 5 -1 4 2 3 2 0 -3 3 -4 2 -1 -2 1 3 0 0 1 5 1 3 6 -4 -1 -4 1 1 2 1 3 -2 0 -1 -1 0 1 2 4 -2 2 1 0 4 -3 -2 2 -1 0 -2 4 0 -2 2 0 0 -6 3 -4 1 0 -2 6 -3 -2 2 -1 0 -3 0 2 3 -3 -7 1 1 0 -1 -1 -1 -2 0 -1 2 2 -2 5 1 1 1 1 -5 3 -3 6 2 1 0 1 -1 1 -1 2 4 -3 -3 1 1 -1 -1 -2 2 0 -1 4 -1 2 1 0 -3 -3 -5 3 -6 -2 -2 1 2 -2 2 0 6 -1 -5 -4 0 0 -4 -3 -4 -1 -2 0 3 -1 -3 -3 1 -3 7 2 -2 -1 2 -6 3 -3 3 -2 -1 -1 -1 2 2 -3 -2 -2 4 4 -2 -2 -1 -2 -1 -2 -1 1 -2 2 -3 2 -4 0 0 0 2 4 -2 -4 -6 -2 -2 3 0 -1 -4 -2 -2 -1 0 3 1 4 0 -4 -1 -1 2 2 2 -1 -1 0 -2 1 3 0 1 4 -5 1 -1 3 -4 1 -4 0 1 -1 0 -3 -1 -3 -1 0 -2 1 0 -2 -1 0 -1 4 0 0 3 3 2 1 -1 3 -5 -1 -1 2 -1 0 -2 1 -3 0 1 1 -1 1 0 -1 -2 -4 0 -2 0 -1 0 4 -1 3 -3 -5 0 -3 2 3 -1 2 0 2 2 1 2 -2 0 -5 -1 -3 3 -1 0 0 -1 2 -4 2 0 4 2 2 -6 -1 -1 -5 2 2 2 -7 -4 0 -2 1 0 2 4 2 -3 1 1 3 4 -4 2 -2 1 1 0 2 -1 3 0 -3 1 4 1 -2 1 -6 4 1 5 6 -1 2 -1 2 1 -2 -3 3 5 0 3 -1 -3 -3 1 2 -6 -2 -2 -3 -7 -2 -3 2 -2 0 -3 2 0 3 -6 -4 0 1 0 1 -2 -1 -3 -4 -1 2 2 -3 5 1 -4 0 -4 -3 4 3 5 -2 1 0 -2 2 -1 1 0 1 -1 -7 3 -4 -3 0 5 1 1 -2 0 0 2 -2 -5 3 0 4 0 -2 1 -1 0 -1 -6 -4 2 0 -4 -2 -2 3 1 1 -4 7 -5 0 3 -2 -5 3 2 1 2 -1 -2 0 0 -1 0 2 -4 -3 1 -2 1 3 -2 0 -1 -3 -1 1 -4 3 -3 4 -1 0 0 -2 0 0 0 0 1 -3 -5 -1 -2 1 -2 0 2 -1 -1 2 0 -1 -1 -5 -2 1 3 3 -4 1 -5 0 0 6 2 4 0 0 -4 3 -2 -1 3 1 0 -3 -5 0 2 -1 -3 -3 2 1 0 -3 -3 2 4 1 -3 -1 -1 -2 0 3 3 -1 -2 -3 -1 -2 3 1 7 0 -3 2 -2 -7 1 -1 -1 -1 -3 2 -1 1 -1 0 2 1 -2 -2 -1 2 0 -1 1 -4 -1 5 -1 -3 2 1 -2 -1 0 -6 5 5 -5 0 -2 -3 4 -3 1 -3 -4 -5 -2 0 4 1 -4 3 0 -2 -3 0 5 -2 -1 1 1 5 -7 0 -3 -2 2 -1 -4 0 1 -4 -2 -2 3 -2 -3 0 5 1 -1 -6 0 3 -1 1 2 1 2 -3 -2 4 1 -3 -3 -3 -1 -2 0 0 -1 -3 0 -5 -2 -3 1 -1 0 -5 2 -4 4 -5 6 -3 -4 -3 0 -1 0 3 -4 -5 2 0 -2 3 2 -3 -1 -6 1 -1 1 -1 4 1 -1 0 -3 0 -1 0 6 -4 0 1 -7 0 1 -2 4 0 2 -1 -5 1 -5 2 -1 -1 1 0 -7 3 5 -4 -5 -2 4 -7 -4 -1 1 1 7 -3 -1 0 -4 -6 -7 -1 7 1 5 -1 5 -2 0 -5 0 -1 4 -7 -2 2 -2 1 -7 0 -4 0 -7 -2 3 0 -2 -4 -2 1 0 -1 -1 2 -6 -3 -6 -3 -3 -2 0 -1 -4 4 0 0 -4 0 1 -4 -2 0 4 1 2 2 0 0 -2 -7 0 -3 -2 -3 1 5 1 5 0 -4 -1 2 1 2 -4 0 -2 -4 2 -2 1 -3 1 0 2 2 -7 -1 -5 2 -2 1 0 -3 -5 -5 -1 5 -1 0 1 -4 2 4 0 1 -3 1 2 0 -2 0 -1 1 3 -6 2 3 1 -2 -2 1 1 1 -2 4 1 2 0 0 -5 -4 -2 0 -3 -1 2 3 -1 -4 1 -2 0 -2 3 -1 1 -1 -1 2 0 3 0 -2 0 -2 -1 1 1 -2 3 -4 4 1 2 1 -2 1 -2 -1 -1 2 0 -3 -1 -3 1 -1 -2 2 1 1 5 -3 -2 -2 0 3 5 -5 2 3 3 1 1 -2 0 3 -3 0 4 1 -1 2 -4 -3 -2 -1 -2 1 1 -1 3 -3 0 2 -1 2 -2 2 -3 -5 -1 2 1 -2 0 1 0 5 2 -1 1 6 0 -1 2 -3 3 -1 -3 3 1 0 -1 3 1 3 -1 1 -3 3 0 -1 -1 -2 -2 -2 1 -5 -4 2 1 -3 4 4 -4 -1 -2 7 3 -2 -2 -3 6 1 -5 -3 5 -1 2 -3 -2 -3 1 2 -3 0 2 -1 -2 -1 -1 -2 2 -3 2 -1 3 5 -3 -2 3 -1 4 4 -4 2 -2 -1 1 -2 0 2 5 3 0 0 1 1 -3 1 -3 -2 1 3 -3 2 0 -4 3 0 -2 0 1 -2 -4 4 -3 -1 4 -3 2 -2 -1 0 -4 -4 -1 -4 -1 -3 1 -1 -5 -3 -1 1 2 5 -2 3 2 1 4 3 0 -1 1 2 2 5 3 -3 -1 -1 3 3 2 -2 -2 -3 2 4 -6 2 4 1 2 -6 3 0 -1 1 3 1 3 0 -2 4 -4 2 -1 -6 1 -3 0 0 3 0 -2 5 2 -2 2 -5 1 1 2 -1 5 3 -1 -1 -3 -4 -3 1 -3 0 5 1 -2 -7 -7 0 -4 3 3 0 2 1 -6 0 2 3 -1 -3 -1 1 -3 1 -6 1 1 3 1 2 3 -7 -2 -1 -2 -1 0 -2 -2 5 2 -1 0 -3 -2 -1 -4 -1 0 -3 4 2 2 -3 1 3 -2 0 1 3 0 -2 -1 -3 -2 1 1 2 -3 -1 1 -3 -2 1 -3 0 0 1 -2 -2 0 -3 0 -1 1 -3 -1 2 7 -4 2 3 -2 -1 1 0 2 3 -1 3 1 -4 -3 -4 -2 3 0 3 -1 1 1 2 3 -1 3 2 -3 -1 0 -3 1 3 0 3 1 -1 4 0 2 5 -3 -1 3 0 -1 0 0 -3 -3 -6 -1 -4 2 -2 0 -1 -1 0 6 2 -1 2 -2 -4 1 -3 -2 0 -1 -1 0 -3 -2 -2 1 0 4 -1 4 2 -3 1 0 0 3 2 3 -1 3 3 -3 -3 -3 3 -2 4 4 0 4 -6 -5 1 5 1 0 2 -2 -7 -2 1 1 -6 1 -3 -1 0 5 3 -3 1 1 -3 2 2 -2 -1 -3 2 2 3 -2 1 0 -3 1 1 0 -5 4 -3 -4 1 1 -3 -5 -1 1 -2 6 -3 3 3 3 3 0 2 5 3 -1 -6 2 1 4 0 6 5 -2 3 3 0 -1 2 5 -3 1 6 -1 6 0 0 0 0 3 -7 -6 4 -3 6 0 3 5 0 -1 0 1 1 2 5 3 2 5 -6 0 -1 6 -6 6 3 -6 1 3 5 7 -1 3 3 -3 1 -2 -2 -1 -2 -2 -4 -2 0 1 3 -2 2 -2 -2 0 2 1 1 -3 -1 -4 -1 3 -2 -2 -4 2 -4 -5 -3 -7 -6 -3 2 -2 1 -4 -3 -4 1 3 -4 0 3 -4 0 0 0 -1 1 3 -4 0 2 4 -6 -3 -3 1 -1 5 -5 -4 -1 -3 -3 -5 2 7 -3 -1 2 0 7 0 4 2 -3 -2 -3 -5 3 -1 -4 1 -4 4 0 -1 2 -1 4 -7 -2 -6 -3 1 3 1 3 -1 0 -2 -6 4 -3 0 4 0 3 0 1 2 -5 1 1 2 -5 -1 -3 -6 -4 -5 2 7 1 0 0 0 -1 1 -2 2 2 -7 -1 1 1 4 -4 -3 -1 -2 -2 1 4 2 -2 2 1 0 -7 1 1 -2 -2 -4 -1 1 -1 -2 -6 1 3 -3 3 0 2 -4 3 -5 0 1 -3 -1 1 4 1 1 1 -1 1 -1 0 1 1 -1 1 -1 1 -1 3 1 -2 -2 0 1 5 0 4 -3 4 1 -4 0 0 -2 -2 2 1 -6 0 -3 -6 1 4 1 -2 3 4 1 1 -3 -2 0 0 2 2 -7 -7 -1 1 -3 0 0 5 -1 -1 -2 6 -1 -1 1 2 4 -4 4 2 2 1 -3 -3 1 0 0 0 2 0 0 3 3 -2 -2 1 -1 2 0 -2 -2 -3 -2 -5 0 -2 0 1 0 5 0 3 0 -1 -2 1 3 4 -2 -4 -2 -1 -2 5 -4 5 -2 -3 4 0 0 -3 0 -2 2 0 0 1 7 0 -5 -2 4 -2 -1 -3 0 -2 -1 2 2 1 3 2 -3 -1 1 0 -1 -1 -1 -1 0 0 -2 -4 5 -4 -4 0 -1 0 -1 -2 1 3 -3 4 -5 0 0 -1 2 4 0 -4 0 3 -2 4 -2 2 1 -4 2 -3 -2 1 4 1 -1 3 -3 0 2 -5 5 -1 2 2 -4 -4 -2 -3 -3 -3 -1 -2 -3 -3 0 1 7 -3 1 3 2 -2 3 -4 -2 -3 2 1 1 -1 -1 -1 -3 4 2 1 1 0 -2 -3 5 -1 -4 -3 0 -4 0 -3 0 0 0 -1 -3 1 -3 0 -1 -1 -3 7 2 -3 6 -7 1 -1 2 1 3 1 5 0 -5 1 -2 2 0 2 1 5 -1 -1 4 -6 2 -3 2 2 4 -5 -3 -4 0 -3 -5 -4 -1 -5 -1 -1 1 3 -1 4 0 1 0 -3 3 1 -4 -3 0 0 -3 -1 -1 -1 0 -1 -6 0 -2 -1 -3 0 -1 -7 -1 1 -3 -2 -1 -1 -1 -1 0 3 3 -3 2 0 2 -3 2 -3 1 3 3 -4 -1 4 4 -1 -6 1 1 -2 0 0 -1 -7 -7 5 -1 -4 0 -3 -3 4 5 0 -3 -3 0 -3 3 -1 2 1 3 -3 -5 1 -3 0 -1 -5 2 5 -3 2 2 0 2 1 4 2 -4 -3 5 -5 -2 2 1 1 2 -1 1 7 0 3 1 -3 2 -2 -1 1 -3 2 -1 3 -2 -2 -3 -5 2 -2 -2 2 1 -5 1 -1 -7 3 -4 0 -2 5 3 -1 2 3 3 1 1 1 -2 2 -2 0 -4 -1 -2 -2 -2 -4 -5 4 -5 -1 1 -2 4 -3 3 -2 2 0 3 -1 -4 -5 1 1 3 -2 -3 0 1 -6 -7 6 -5 1 -7 1 6 1 -2 -2 -2 -5 5 5 -7 0 2 -2 0 0 -6 -6 -1 1 -1 -5 -1 -4 -4 1 0 3 1 0 4 0 -3 0 0 -1 2 -2 0 2 -1 -4 -5 0 -7 -3 -7 3 4 -2 5 -3 -3 -2 0 0 3 7 2 3 -7 3 0 2 -4 -4 0 -1 -7 -7 -1 2 -3 5 -3 0 -7 -6 -3 2 -2 0 -1 -4 -1 -3 2 5 -2 4 4 -1 1 2 -7 -1 -2 -4 -5 -6 0 -2 1 0 5 1 -3 -2 1 -1 7 1 -1 -3 0 1 -2 0 2 0 -1 6 -2 2 2 1 1 3 -3 -1 -4 0 0 0 -6 -1 -1 -2 -6 1 -1 -2 2 -3 0 -1 0 4 -2 -2 -3 2 1 -4 -6 -3 0 -3 -2 1 -3 -3 -1 1 1 -2 0 -2 -1 -2 2 2 -1 -2 3 -1 -6 2 0 3 -5 4 -1 -3 -1 2 2 0 -1 2 5 3 1 -1 -7 1 1 -1 2 -4 1 -4 -4 2 -1 3 4 -4 1 -2 4 4 -6 -2 -2 -1 2 -3 1 -3 2 -1 3 -2 -5 0 -2 1 2 -1 1 1 0 4 2 -1 5 -3 -1 3 -2 -3 3 -1 -1 -3 2 1 -1 1 -3 -5 -6 -3 -2 0 0 1 0 3 1 -1 -1 6 1 1 1 -3 2 -1 -4 -4 -2 -1 0 1 1 -4 -3 0 0 -2 4 0 0 0 0 -2 -1 -7 5 4 1 0 -2 1 -3 5 -2 -3 1 3 4 -2 0 0 3 3 0 -3 3 -2 0 1 1 1 2 1 2 1 -4 -2 1 -5 -3 2 -3 -2 2 0 3 3 -2 0 1 1 0 0 1 6 0 -4 3 5 -3 -2 4 -3 2 0 -1 0 -3 -2 1 -1 2 2 3 -4 0 0 0 -2 -4 -1 -4 1 3 0 -2 -2 3 -4 -2 0 7 -2 -1 -1 5 -3 -6 0 -4 -1 -1 2 1 1 1 -3 -2 3 1 0 1 1 1 -4 -2 4 -2 0 4 0 2 0 0 2 -1 -1 0 4 -1 -3 4 -5 -3 -4 -4 -2 3 1 0 1 1 -2 6 4 4 1 -5 -6 -3 -2 -1 -4 1 -1 -3 3 3 0 -2 -1 3 -4 1 4 1 7 -1 1 0 0 3 1 -4 1 0 0 -4 4 4 1 -7 2 -4 -4 -1 -2 -2 0 1 -6 1 -3 3 -2 -4 -1 -3 3 2 3 5 -1 -1 2 -3 0 1 0 2 -4 -1 -7 -1 0 -4 -1 2 0 3 0 5 -1 -5 -3 -1 1 1 2 0 -1 0 -3 -4 -2 4 0 2 2 -4 -1 2 0 -2 -6 3 1 1 -1 -2 -3 0 -2 -1 3 -1 -4 -2 1 -7 1 -2 -1 2 1 -3 2 -7 4 -2 0 1 1 0 1 1 0 0 0 -5 0 2 2 -3 1 0 3 2 1 0 -1 5 1 -2 -2 2 4 0 -1 2 3 1 -2 2 1 -4 -2 3 1 -2 0 -2 1 -1 -2 -1 -1 2 -1 -3 1 -1 -2 -5 2 1 -4 -3 3 -2 -1 2 -2 -1 5 2 3 0 2 -7 -2 2 -1 -7 2 -2 -2 2 1 -6 -2 2 -3 4 2 4 -1 -4 -7 1 2 -6 3 0 1 -1 1 3 -1 0 -2 -2 -2 -3 2 4 0 1 -2 2 -7 -1 0 -1 -3 4 3 -2 0 0 3 7 2 -7 3 -5 1 1 -2 -6 3 4 -1 -3 0 -2 -1 0 2 -2 4 -1 7 4 -1 4 -4 2 -1 -1 3 -3 0 2 -4 -1 -2 3 -2 3 -1 5 0 -1 -5 3 0 0 4 1 -3 1 2 5 -3 1 2 2 1 1 -1 1 3 3 2 -1 2 -3 1 -4 -1 -1 0 1 2 -5 4 -1 0 -4 1 0 2 2 2 0 -5 1 0 0 -5 -2 3 -3 4 3 3 0 -1 -4 3 1 1 1 -1 3 4 -2 -1 2 4 -1 -4 -1 4 1 -2 -5 5 2 1 -2 5 0 -2 -1 2 2 1 0 3 0 1 0 2 3 0 5 -3 2 2 3 -2 -1 3 -3 0 -4 0 0 -7 0 -1 -2 1 -4 0 1 0 0 0 -2 -1 0 1 5 1 1 5 3 1 -3 -1 1 4 -2 -1 -2 3 0 -5 0 3 -2 -1 -1 1 -3 2 -5 -1 1 0 1 3 -6 -1 -1 -3 6 -3 -3 2 -3 -2 3 4 3 -2 -1 0 2 -1 -1 1 -2 -5 -4 -1 -2 1 -2 -4 -4 1 -7 1 1 0 6 -3 1 -1 3 1 7 -3 0 3 0 4 -1 -2 -3 2 3 -4 -2 -2 2 -4 1 0 0 -1 -4 -4 3 -5 -1 -3 -5 -2 -1 5 4 3 0 -4 3 2 2 0 6 -3 1 0 0 0 -1 -1 -2 0 6 -1 0 0 -2 4 -2 2 2 -1 -3 0 0 -2 -2 -2 5 -2 -1 -1 -5 1 -1 -1 3 0 4 0 1 -1 -1 5 2 -3 -5 1 0 -3 -4 0 1 -5 1 -2 0 -1 -4 -3 -1 -6 0 -2 -4 4 1 -3 7 -6 2 0 -1 -4 -3 -1 3 1 -5 -1 -3 -4 -3 -5 4 -1 0 -1 -5 2 2 0 2 -5 -4 3 4 1 -7 0 -2 -1 4 1 3 5 1 -3 1 0 -3 1 -2 1 1 3 -1 -4 -2 3 -3 3 3 0 2 -1 -7 0 4 -2 -1 -7 -1 -7 4 0 0 3 -5 -5 1 -2 -3 -5 -1 2 -1 -7 -1 -4 -3 -4 -2 0 7 2 4 1 -3 -4 3 2 -4 -2 0 -4 -1 -2 7 -6 -6 -4 1 1 -4 -7 -2 -3 3 -1 6 -1 1 0 3 -2 -1 2 1 0 -1 -5 -1 -1 2 2 -3 3 4 1 -5 -4 -2 2 -4 0 -2 1 -3 -1 1 -1 1 -1 -4 2 -1 -3 1 1 0 4 -1 1 0 4 -2 1 -3 -6 2 -5 -3 -2 4 1 0 -2 0 -2 -3 0 -1 -2 1 -5 -2 -1 0 6 -1 -1 1 -6 -1 -2 -6 1 -5 4 -2 1 -4 2 4 -1 -4 2 -1 -2 -1 4 2 -2 2 -4 2 -6 4 -3 -5 0 -2 -3 1 2 2 -1 -1 2 0 -4 -2 0 -1 -1 2 2 -3 -7 5 -1 1 5 -4 -2 2 -1 0 -2 0 3 -1 -3 -4 0 0 -2 -3 0 4 5 -1 -2 1 2 0 1 2 0 -3 1 0 2 4 -2 1 5 1 -5 2 0 -1 -2 2 2 1 -6 4 0 3 2 1 -3 -3 -3 3 0 -1 0 -1 -1 -4 -1 2 1 3 -3 4 4 4 1 3 -2 3 -1 -1 1 -3 -5 1 0 -6 3 0 -2 -3 -2 2 -1 -1 1 1 -1 0 -4 -1 1 -1 2 -2 -5 5 3 1 -1 -4 -1 1 -2 -3 3 1 -3 -2 4 -1 0 -4 -1 1 -1 1 -2 -3 -2 -4 -1 -4 3 4 -5 -7 -4 -4 0 -2 -2 -4 -5 -2 0 1 1 -5 -4 -4 -7 -1 -1 -2 1 -5 6 -2 -7 -2 1 1 2 3 0 0 0 0 6 1 -2 -1 -3 7 1 0 -5 -3 0 -3 -1 -3 -1 2 1 3 -3 4 -7 0 -1 0 2 -2 -2 -2 2 -1 0 -2 -6 -1 0 -4 -2 -3 -1 0 -1 2 1 -2 -2 0 -5 0 -6 -4 -1 0 6 3 2 3 -1 2 2 -2 1 1 7 -1 0 -2 -2 3 0 -2 -1 3 -5 -4 -1 -5 3 4 4 -6 -2 -1 -2 0 -2 0 6 0 -6 0 0 3 0 -2 1 1 -3 -7 -5 -1 2 4 -5 -3 -2 -7 -2 6 -7 -4 -1 4 -2 -3 1 3 0 0 3 -1 -1 2 0 1 1 2 0 0 -2 -3 0 -5 1 1 1 -3 1 0 0 0 0 3 -1 0 -1 1 1 1 -3 -1 -1 -3 0 -3 6 1 -4 2 0 1 -2 2 -2 -3 -4 -2 1 2 -5 -4 -1 -2 -4 4 0 0 2 0 3 -5 -1 1 1 -2 0 4 -2 5 -1 1 2 -3 -1 0 1 -5 -2 -2 2 -1 -4 0 -1 -2 -1 0 -2 1 -3 -1 2 -4 -2 2 -2 1 -1 -1 -1 -1 1 -3 -1 1 1 -1 0 -1 0 0 -3 -3 2 -2 2 3 2 -1 2 0 2 0 1 5 -1 1 -3 2 -1 0 0 -5 -6 0 -1 0 -2 -1 -3 3 -1 -1 -2 5 1 -3 4 1 0 -3 0 7 2 -2 -3 2 6 5 7 3 4 7 0 1 -4 3 1 -1 -4 -7 2 3 2 4 -1 2 2 -4 -6 -1 5 2 -3 1 -3 1 -2 3 -1 3 -2 0 3 -4 -6 -5 4 -2 -1 0 3 -4 -1 -3 1 0 4 -1 -3 -5 3 7 5 -4 0 2 -2 1 3 -2 1 5 0 1 -2 -7 0 4 7 0 -5 -5 7 1 -5 2 3 3 -7 -1 -1 0 -4 -1 2 -3 2 -7 4 -4 -4 -1 0 2 -3 -4 -3 7 4 -2 1 -3 5 1 0 1 2 0 3 -1 5 5 -5 3 2 3 1 -3 5 4 2 -1 -1 -3 1 2 -1 -2 -1 -1 -2 3 2 3 -4 -1 -3 -1 -1 0 -1 -3 2 -2 4 -3 4 2 -1 -4 -2 -3 -4 -2 1 -3 0 0 -1 5 -2 1 -1 7 -1 1 -1 0 -1 4 -2 5 -5 -1 0 -1 -1 -5 0 -1 0 1 -7 -1 3 1 -5 -4 2 0 -2 2 1 -1 1 1 2 -1 -1 3 6 2 0 0 -4 -4 5 3 -1 -7 0 3 -3 1 -1 0 -1 -1 1 5 -2 -5 2 0 0 2 3 -7 3 -7 6 3 1 4 -3 -1 1 1 7 -1 -2 -1 0 -2 2 -4 5 3 1 -6 -2 5 0 -1 1 0 6 -3 7 -1 -1 3 0 2 -1 -7 2 1 3 -1 -4 1 0 6 -3 2 1 1 0 2 4 -7 0 -3 -5 -3 -3 4 2 -7 -2 -1 -2 -2 -4 -5 -1 -2 -2 0 -1 4 3 -2 4 3 -3 0 -1 -7 4 4 -1 -2 1 4 0 -6 0 1 -3 -5 0 0 7 -5 -4 -1 -2 7 -6 -7 1 -2 3 2 -1 6 6 -4 4 3 1 0 -6 3 7 -2 6 1 1 2 4 -4 2 1 -4 -7 2 2 -2 1 3 1 -7 -2 -7 -6 5 4 -7 -6 -3 -1 -3 -2 -4 2 5 -4 -3 -2 4 -4 3 6 -3 6 -1 -5 4 7 2 0 -6 -2 -2 2 -4 -3 -5 -4 -7 -3 7 2 0 -4 5 2 1 1 4 6 -2 -2 -5 -1 6 -7 -6 -6 0 1 -4 -4 -4 1 7 1 2 0 0 -4 -4 1 -7 -4 0 0 -4 4 0 -1 -6 2 2 -2 2 -1 2 -3 0 1 -2 -2 -7 -7 -7 -7 5 4 -2 -7 1 6 -1 7 6 -7 -2 -7 -2 -3 -1 2 -5 1 1 1 1 -5 -1 -1 3 0 -2 -5 -2 0 1 2 -2 1 1 2 -2 -2 -1 -2 -2 3 -2 7 1 -2 0 -7 0 -1 -1 -2 -2 -3 -1 -2 5 -3 2 -1 3 3 -3 0 5 0 2 -5 -2 -1 -1 6 -1 -1 0 -1 -3 0 -2 -2 -3 1 -2 -2 3 2 0 2 7 -7 -2 -1 -1 0 -1 1 -3 -2 0 -2 -2 -3 -2 -5 2 0 5 -1 0 1 -1 2 0 -1 4 0 1 -1 1 3 -2 3 -3 0 -3 -1 -1 0 -1 2 3 3 -1 0 -7 4 1 -2 1 2 -7 -2 3 -2 0 3 2 -1 -3 1 -3 -1 -5 -4 -1 -6 -2 2 -2 4 2 -1 2 -4 4 1 -2 -2 -5 3 -3 3 5 2 -1 -2 -4 6 -6 -3 0 3 -3 -3 -1 5 5 0 4 0 0 -5 0 3 -3 1 4 -2 -1 2 0 -6 -1 -7 -3 -3 4 -5 3 -3 0 3 -2 -4 -5 -5 2 -3 1 -7 -1 2 -3 7 -2 2 -5 0 4 0 2 2 -4 -1 2 3 1 1 1 -4 -7 -2 -3 0 -2 0 -6 3 7 -3 -3 1 -2 1 -4 0 0 -4 3 1 2 -1 1 1 -3 1 -6 3 4 1 1 2 0 2 3 1 0 -1 1 4 -3 -3 0 2 2 2 -2 -1 0 -2 -1 -1 4 -6 -5 2 0 4 2 -3 -2 -5 0 -3 7 6 4 -6 2 -6 2 2 -2 0 1 0 3 -2 7 -1 -2 2 -1 3 1 -7 -3 -3 2 0 7 -5 3 3 0 2 -4 -3 0 0 -2 1 -3 -3 -4 0 -5 5 -3 5 1 0 -1 3 -2 -3 2 4 0 -1 3 -7 -3 4 -2 -4 3 -1 -3 -3 -4 -4 0 1 -4 -3 0 1 -1 4 -1 -2 -1 0 2 -2 2 0 2 -2 1 -1 4 3 3 -2 3 -1 4 -2 -6 -1 6 0 3 0 2 2 1 5 2 0 -2 2 0 -2 -3 1 -3 -3 3 3 -2 2 3 6 1 -2 0 -2 3 -6 2 1 -6 -2 -1 -4 0 -2 0 -1 -1 -1 0 3 2 -3 -2 -1 0 -5 0 -4 -1 -1 -1 2 7 -3 5 5 2 3 -3 1 -2 -7 -3 2 0 -2 -1 2 -7 -1 1 3 1 0 2 4 3 1 -1 6 1 2 2 -6 -6 7 -3 0 6 1 -1 -2 -4 -3 4 -1 3 -4 0 1 -3 -3 0 3 2 -3 3 1 0 0 1 1 1 0 3 0 -1 -1 1 1 0 3 -5 -4 1 -2 -1 0 -7 2 -1 5 -4 1 -5 -5 -1 2 -1 1 -2 -2 -2 0 -3 2 2 3 -1 2 0 -2 -4 -5 2 -2 -1 -4 0 -2 -1 -4 1 -4 2 -2 -3 2 2 0 2 0 -1 -3 2 0 0 0 -6 1 2 4 -2 7 -3 6 -1 3 2 -4 -1 -2 0 2 -1 1 1 -5 -7 -1 -1 0 -4 -2 4 1 -3 -2 -3 1 3 -3 -5 4 1 -7 5 2 3 4 -2 -3 3 0 0 -7 -1 -2 0 -2 -4 2 2 -1 1 0 3 1 0 -1 0 -6 7 4 -2 -1 -1 5 1 1 0 3 -1 1 1 1 2 0 -7 -4 0 2 -1 0 -1 4 3 -4 -1 -1 4 -2 -3 1 2 0 2 -1 -5 0 0 -2 -1 3 3 -6 -4 -2 0 3 -2 0 1 -2 -1 -5 3 6 1 5 -3 3 -1 -3 -1 -3 4 4 4 -5 4 2 1 4 0 0 1 5 -4 -4 -3 -4 -6 -1 -2 1 3 -1 1 0 3 5 -1 0 0 0 2 0 1 -3 -3 2 -2 -1 5 -1 0 2 -2 0 3 -5 -7 -2 2 2 -1 -2 -2 2 -2 2 3 2 1 -2 1 4 1 1 3 -2 3 2 1 -3 3 4 1 3 -2 0 -4 1 2 0 -4 -2 5 0 1 -2 -1 0 -1 -6 -2 -2 4 -4 -3 4 -2 1 1 4 -3 0 -2 1 3 0 3 -7 2 -1 1 2 -5 -2 0 2 3 -2 5 -1 0 -2 -2 -2 -2 1 -2 -1 5 5 -1 -7 -4 3 -4 0 1 -1 2 2 -4 2 -1 -4 -5 0 1 -2 0 3 -4 4 -3 2 1 -2 2 2 3 -1 0 -2 2 0 -2 0 3 -3 -2 -3 -2 -1 -3 -6 1 -2 2 1 3 2 -5 -3 -2 -5 0 1 -1 4 -2 3 -1 -2 2 -5 0 4 -5 -7 2 -2 -5 1 3 -7 0 3 1 -2 2 -5 7 -3 -3 -3 1 -2 -3 0 0 -3 0 3 -4 -5 3 -7 0 -2 0 4 -2 -2 1 2 -7 -1 -6 -1 1 3 -7 -5 -3 4 1 -4 -4 -7 0 -7 -3 2 2 -1 -2 -1 1 3 -1 -6 5 -1 5 -7 2 -2 1 0 -7 3 -2 -4 -4 -3 -5 -5 -4 -1 -2 0 2 2 -2 1 2 1 -4 0 2 -1 0 0 -4 4 -4 1 5 0 -7 1 3 1 -1 1 -4 -4 -2 1 -1 -2 -2 -6 -1 -3 -4 2 -3 0 -2 1 -2 -4 1 -3 2 1 4 -3 1 -1 3 1 0 2 3 -3 -1 0 2 4 1 0 4 1 3 -4 0 1 5 -1 2 -2 -5 2 0 -3 -2 4 -1 2 1 3 -1 0 1 1 2 -3 2 2 -2 3 5 6 2 0 -3 0 0 5 2 0 3 -3 5 -3 2 -7 1 1 0 -3 1 -4 2 2 -1 1 2 -4 -1 1 -3 -2 -1 2 2 0 2 3 0 2 -1 3 3 2 -4 0 1 -1 1 -1 1 -3 -1 -1 -2 -2 3 1 -3 3 -2 1 3 -2 1 1 0 2 2 0 -4 1 2 -2 -1 -1 2 -4 -3 7 2 -1 3 -3 4 -2 -4 -1 4 -1 -2 -5 1 0 -1 5 3 1 -3 -1 -4 -1 3 -1 0 1 0 4 2 6 -4 -6 -3 4 -3 1 4 -5 -3 1 -4 -2 -3 -1 -1 2 4 -2 -2 1 0 0 -1 -3 -1 3 1 -3 -1 -6 -1 0 -2 -6 -1 2 1 0 5 -1 -2 1 -2 3 1 -1 -3 3 5 0 0 2 0 3 -2 4 -1 -1 -1 -2 -2 -2 -1 5 2 -2 -1 4 1 -3 0 -3 3 -4 -1 2 1 1 -2 -1 6 1 2 -3 0 1 0 0 0 0 1 -3 0 -1 -2 -2 0 2 -3 -2 1 2 -3 2 2 -1 3 -3 0 7 1 0 0 -3 -3 -1 2 2 2 -7 -7 7 2 3 -2 2 0 4 1 -1 3 -3 -3 -2 1 5 -6 -4 -2 3 1 -2 -4 2 2 1 3 1 -2 5 -2 -1 3 -1 3 4 -7 4 -1 -2 1 -7 4 5 -3 -3 -1 2 -2 1 -7 4 -2 1 -1 1 -4 -4 -2 -3 -7 2 -7 -1 -1 -2 -1 4 -4 5 1 -5 -3 2 2 -3 -1 1 1 6 -7 -7 7 -2 -7 7 2 2 1 1 1 3 2 3 1 3 -2 1 7 -4 -5 -1 6 -4 1 -2 5 0 -1 3 4 -1 2 1 -2 1 3 -3 2 -2 0 4 5 -1 1 5 1 -1 1 3 5 -4 -1 2 3 0 4 2 -3 -3 2 2 0 3 3 -2 1 0 4 0 1 3 -3 4 5 -3 2 -1 1 0 -4 2 1 -2 1 -2 2 2 3 -1 -1 1 -3 -1 -2 0 -1 4 -1 0 0 1 -2 1 1 0 0 1 3 -1 3 1 -1 0 3 0 1 5 0 -2 -2 -4 -3 -3 7 -3 1 -3 0 -1 0 1 -2 -2 5 1 -2 1 -1 0 0 0 1 -4 1 -1 -2 2 -1 2 1 -2 -1 2 0 -1 -3 0 -2 0 1 3 5 5 -1 0 -6 0 0 2 0 -2 -1 0 -1 -1 0 0 1 -4 -3 -2 0 1 -3 1 -1 1 -2 3 3 0 -1 0 -1 0 0 -1 -7 2 2 2 2 2 1 0 1 0 -2 -5 -3 -5 0 -1 0 1 0 1 -1 3 -2 0 -3 -2 -1 -1 2 -1 -2 0 5 0 -1 2 4 -2 1 -3 2 -2 1 4 -1 4 3 5 -1 -1 -2 2 0 3 0 -2 3 0 0 0 0 -2 0 3 0 3 -1 1 2 -5 -1 -1 5 -2 -3 0 0 -1 4 -3 4 0 1 6 0 -2 -1 -3 1 -3 5 0 -1 -5 -2 2 0 -1 -1 -1 -2 -4 -3 1 4 0 -3 -2 0 -3 4 2 0 0 0 1 1 2 1 -4 -4 -2 0 -1 1 4 -2 2 -1 1 -1 0 3 -1 -1 1 2 1 -1 -3 1 0 -1 -1 0 -1 -3 -2 1 -1 3 4 -1 3 0 -3 -1 -1 -7 1 2 2 1 1 0 5 -4 0 -2 0 -2 2 -1 3 0 2 2 1 -1 5 2 0 1 2 0 -2 0 0 -3 0 -3 1 -2 0 2 1 -4 -4 3 0 -2 5 4 -1 -3 1 -1 -1 -1 -4 0 -1 3 -1 1 -2 5 -3 -1 1 5 -2 -2 -3 3 -4 2 4 -1 -3 0 3 0 7 -3 -5 2 3 4 0 0 0 -5 0 -1 1 0 2 -3 -3 -3 1 -5 -2 -3 0 -2 -2 2 -6 1 1 -2 -2 -2 -2 -5 1 -4 1 -3 -1 0 -4 -2 2 -1 -1 0 -1 4 0 0 0 5 -1 4 1 -4 3 3 0 -2 1 1 1 0 -4 7 1 -1 -4 -1 -3 -2 5 5 -2 -5 2 1 4 -2 0 5 1 -1 2 2 -2 -4 1 5 -1 -1 -1 -3 -3 0 2 0 1 1 0 1 0 3 -7 0 3 0 -1 1 4 -3 -4 3 2 5 -1 3 -5 7 -2 -1 5 -6 -1 0 -1 -2 2 -4 3 0 0 -7 2 3 7 -7 -2 3 2 -6 -2 3 -7 -3 0 -5 -7 -1 -3 3 -4 -4 -3 -4 3 1 0 -3 -2 -5 -2 -4 -3 -2 -6 -3 4 3 5 -2 0 5 -2 -2 6 -6 3 5 -1 2 2 -3 3 2 1 1 1 6 -3 -5 -4 5 0 -6 -3 -2 -2 4 0 -5 2 -7 -2 -3 3 -1 -3 -2 2 2 0 2 -4 -1 -5 5 -3 3 1 -1 2 0 0 3 3 0 3 1 1 -1 2 0 -1 1 4 0 1 -1 2 0 1 -3 3 2 6 -2 0 -6 3 -5 -4 7 4 -2 -5 2 -1 -1 -5 -5 2 0 7 1 -1 1 -1 -6 -2 -5 -2 6 -3 -1 2 -4 1 -1 -1 0 1 2 5 2 3 0 4 3 -2 2 -1 0 2 0 0 1 0 2 1 4 2 -6 -5 6 6 -1 4 -3 1 -3 -1 -5 -2 -4 0 1 3 -1 3 -2 -1 -1 5 3 -3 1 -2 -3 -1 1 -7 1 4 1 1 1 3 5 1 -7 0 -1 6 -5 0 2 0 1 7 2 2 0 1 -2 3 1 -6 3 0 -3 -1 -4 0 -2 5 0 0 -3 0 3 2 0 0 4 0 1 0 2 -1 3 2 -2 0 0 3 -4 5 -2 0 4 -1 -1 -1 -2 -1 -2 -1 6 -3 -2 -1 -3 0 2 0 -4 0 6 2 -2 -4 -6 2 -4 0 1 1 1 -2 -7 0 -2 6 1 -1 -3 3 1 -4 2 1 -5 1 0 -2 3 2 -2 -1 -1 1 1 -3 -1 -1 1 0 2 -3 -4 -6 -1 -1 -2 1 0 -2 1 0 -1 1 -4 2 0 -2 2 1 4 -1 -1 -3 -1 2 -4 -4 -3 -2 -4 3 2 1 -3 -2 -1 0 0 -4 3 0 -4 2 -2 2 -2 0 0 0 1 -1 2 4 7 2 1 -2 -2 0 6 -2 2 -2 4 4 -2 1 0 -1 -3 1 4 3 2 -2 0 -2 4 -2 0 5 -6 -1 1 -3 -2 -1 1 -1 -2 -6 -3 1 0 -1 6 -1 0 -2 -2 5 -2 2 -2 2 -1 -1 -2 -1 -1 -6 -1 -3 0 3 3 5 1 -4 0 0 2 0 1 2 2 -1 1 0 5 -1 -2 -2 2 2 1 4 2 -5 -1 -2 3 6 1 4 0 -2 1 0 -3 2 0 3 4 5 2 1 -1 -2 0 7 -2 -1 -4 2 2 4 7 1 3 -2 3 -3 1 -2 -2 -3 0 0 -1 -2 -7 -7 0 -3 -5 -4 -6 -2 -2 -2 4 1 4 -2 3 -6 -3 -4 -2 -4 2 -1 0 -3 -7 0 -7 -4 -1 5 -2 -6 2 5 7 0 -1 -2 -2 -2 -2 -5 -1 -2 5 4 -3 -1 -5 -4 3 -1 3 -3 0 -4 7 1 -7 -2 -3 -3 3 -3 -2 0 1 -6 3 0 -1 2 -1 1 -2 0 1 2 -2 2 -3 2 1 -2 3 -2 -1 -6 -2 1 -3 2 -7 2 -3 4 1 -3 -2 0 -1 4 -1 0 -7 -2 0 -4 5 2 -4 1 -3 1 -3 0 1 2 -6 -1 3 0 -3 2 0 3 -5 -4 -2 -2 -1 0 5 -1 0 2 -3 -5 0 6 0 -1 4 0 0 -4 2 2 0 -1 -1 -3 2 1 0 2 -1 2 3 -2 0 4 -1 4 1 0 -6 3 4 2 -1 0 1 1 -3 -2 3 2 0 1 0 -1 -3 -1 1 1 0 0 -1 -4 1 -2 0 1 0 -3 -2 -4 -4 1 0 -3 1 -5 0 -3 3 -1 -2 -2 3 -2 -1 -2 0 1 -1 -3 1 -2 -2 -1 -4 3 0 -1 1 -2 -2 3 -3 3 -4 0 1 -2 -4 2 0 0 0 -1 -2 0 -4 -1 0 0 -2 -2 2 0 -1 1 1 -2 3 -2 5 2 2 2 -1 -1 6 -2 0 -1 5 -3 3 -4 -3 -3 2 2 0 -3 1 -4 -5 1 2 2 1 3 1 3 0 -2 0 -1 1 -2 1 -2 0 3 4 1 0 -2 1 3 2 -2 1 2 2 1 -3 2 -3 -2 -4 -1 -1 -2 -2 -3 1 -3 2 0 -4 2 3 2 3 1 -3 2 5 -7 -1 4 -3 -2 0 5 -1 0 -1 0 3 -3 -1 1 3 0 3 -2 -3 -2 -1 -2 4 2 0 2 0 -3 4 3 2 5 -1 -5 5 0 -2 -1 5 0 -4 -1 -6 -1 3 5 1 3 -6 -7 0 -1 2 -1 -6 1 0 0 6 -2 3 -5 0 -3 -2 -2 5 4 0 2 -4 -5 3 -2 0 -2 -2 3 -1 -6 5 4 0 0 -3 -3 5 -1 -2 -2 -2 -1 -2 1 1 -4 -1 0 -2 -1 1 -1 3 -1 -1 -2 -7 -3 -4 -1 1 -4 3 -4 2 -5 -5 5 -7 -1 0 0 -3 0 1 -2 2 -1 5 2 -4 -7 -2 2 4 -2 0 2 -2 -7 -4 -4 5 -3 -6 -6 -2 -2 -1 7 3 5 -1 3 -5 -7 2 -4 2 7 1 -1 2 3 2 -2 -1 5 5 -2 1 7 0 1 -3 -1 1 1 -2 -2 -3 0 3 -3 4 6 1 -2 1 0 1 0 -1 1 -2 -1 -3 0 1 -2 0 -4 2 -1 3 3 1 1 2 -4 -1 3 -3 0 4 0 0 0 -2 3 -1 -1 3 2 -3 1 1 0 2 0 -2 -1 3 -2 -3 -5 -2 1 2 2 -1 3 -5 -4 -3 -1 5 -1 2 1 0 -2 -2 -6 -1 2 3 0 0 -2 -4 -1 0 -2 2 3 0 2 0 -2 -6 1 -3 2 0 1 -2 -3 1 3 0 2 -1 1 -2 2 1 -2 -1 -2 -1 -1 2 -1 2 3 0 2 2 5 -4 3 -2 2 0 -3 -2 1 -4 2 2 -2 0 2 -2 0 1 1 0 -2 -2 -1 -4 1 -2 0 -1 1 -1 1 -1 3 3 0 3 0 1 -2 0 -1 2 0 3 1 1 0 2 4 -2 2 1 1 1 -1 4 -2 0 1 -2 1 -2 2 1 0 0 -2 1 1 -1 -1 -5 -1 1 3 2 0 -1 -1 2 2 -2 -1 2 5 -3 0 -2 1 2 0 1 0 -1 -5 -3 0 1 1 -1 -4 -3 3 3 1 -2 -5 -2 1 0 3 2 3 -3 2 1 -1 -2 1 1 -2 0 1 0 -1 -4 -2 -2 1 0 0 2 -4 0 2 0 4 -4 -1 0 -3 2 -1 3 2 2 2 1 -1 -3 6 1 -2 -3 -1 0 1 5 -2 -1 -1 -2 0 -2 3 -3 -4 -2 -5 -3 -1 -2 5 -3 -3 -1 -6 2 0 -2 1 -1 -1 -2 0 -3 3 -1 0 -1 1 -1 1 -1 -1 -1 3 -2 -1 2 2 6 2 -1 3 -1 -1 -2 -1 1 -1 -2 3 -4 -2 1 2 -1 0 0 -2 -1 0 -2 1 1 2 1 -2 2 -2 0 -1 0 -5 -6 -2 4 0 2 1 -5 -4 -1 1 -2 0 3 -2 3 -2 1 -4 -1 -3 2 -5 -2 -2 2 0 1 -2 -1 1 2 2 1 1 -1 -3 -2 0 -2 -4 1 0 1 -2 1 0 -2 -1 0 3 -7 4 -1 0 -1 -4 1 -1 0 -1 3 -3 1 1 -5 0 1 -2 2 -1 -6 -3 -2 3 1 -4 4 4 0 -1 1 -3 5 -5 1 -2 0 -3 3 -3 1 0 1 2 2 1 -3 3 3 0 -1 0 1 2 -2 5 1 -2 3 2 -2 2 -3 -2 1 -1 -1 -3 5 -3 -2 6 1 0 0 -2 5 4 -1 1 -3 -2 1 0 0 -1 1 1 2 2 -4 -1 -2 1 1 2 2 1 4 -2 0 0 1 2 -2 -2 -4 -5 2 2 1 6 1 0 1 -3 -1 -7 -1 0 1 -4 1 4 0 -2 -5 3 -2 4 1 -2 3 -3 2 -4 -1 -3 2 1 2 3 -2 -3 5 2 2 3 -2 -2 -1 2 -3 -2 5 1 2 -2 0 0 4 1 3 3 2 -1 -3 -5 4 -5 -1 5 0 -2 1 -3 -3 3 3 3 -3 2 -2 4 4 1 1 0 0 4 -3 -3 3 -2 1 -5 4 -3 3 2 -4 1 -1 -3 5 -2 2 0 -4 -3 6 0 2 -4 2 0 0 0 -4 1 -5 6 0 1 0 -2 4 -4 0 0 -1 -4 1 0 1 -1 3 1 1 3 -1 -4 2 3 -2 -2 -1 3 -1 -4 3 0 2 -4 3 -1 -3 1 1 -3 2 -2 -2 -1 -1 -1 4 3 -1 2 2 1 -5 0 2 -1 1 -1 0 1 0 -3 1 -4 -2 1 1 2 0 0 2 6 2 1 2 -2 2 5 2 -4 0 -4 2 1 0 2 1 -3 0 -1 1 0 -3 -3 1 -1 1 -2 -2 -4 -4 1 2 -1 0 2 -2 3 0 -3 -5 -1 -2 -3 0 1 -2 0 2 1 4 2 -4 -2 -4 0 -3 -1 -1 0 6 -7 2 2 5 -4 2 -2 -2 -2 2 -4 -2 -3 4 1 1 -2 -6 1 -2 -4 0 -2 0 -2 2 -2 -1 3 3 -3 1 3 3 3 -1 1 -3 -1 3 4 -1 2 1 -2 0 0 3 5 6 -5 -1 1 -4 2 -2 0 1 -2 -3 3 -1 -3 3 0 1 -4 0 1 1 1 2 -2 -1 -1 0 5 0 -3 1 0 -4 -2 -5 3 1 0 1 -1 -4 5 -4 2 2 -7 -2 -2 3 -5 1 -1 -2 1 0 -2 6 2 -1 -1 5 0 1 2 3 -1 4 -3 -1 3 3 -3 -4 1 -1 -1 -3 0 -1 0 -1 -1 -4 1 -4 -1 0 -1 0 -3 2 -1 -1 -3 1 0 -1 -2 1 -3 -2 -2 -3 2 2 3 -1 -2 0 -1 0 1 -2 1 0 4 -2 -3 -2 4 2 -2 1 0 -2 -3 -4 1 -3 -4 0 -2 4 -1 -1 3 1 5 2 2 -5 -2 0 -1 -1 1 2 2 4 0 -3 -1 1 3 -2 -2 3 -4 2 3 0 4 -1 -1 -1 -2 -2 0 1 1 3 1 -2 -5 4 3 2 4 3 0 -3 1 -2 -4 -4 4 1 -1 1 -1 2 -1 -3 1 -1 -1 0 -1 -1 -3 0 1 0 -1 -3 0 1 -1 0 -3 1 -2 -3 -1 -3 4 -1 -2 -1 -1 2 3 1 -1 0 0 1 0 2 -2 -3 -3 2 -2 1 -3 1 -2 -5 1 -2 1 -1 -6 -4 -1 -3 -1 -1 0 2 2 3 1 -3 1 -3 -5 0 -5 0 -1 -4 -1 1 1 1 1 0 4 2 -3 -4 -3 1 3 -1 -1 -1 1 4 -3 -3 -1 -2 2 -1 0 2 -2 -1 3 0 2 4 1 0 -3 2 0 -1 -5 0 1 -3 -1 0 1 -1 3 1 1 0 -1 -5 -2 3 1 2 4 0 -3 0 -3 -1 2 -4 1 2 3 -2 1 5 4 -1 1 0 0 0 2 -2 2 1 0 -1 1 2 1 -2 -1 1 -3 1 4 -2 -1 3 -1 1 0 -2 -2 1 2 1 1 0 2 -3 0 -1 2 3 -4 1 -4 0 3 0 1 5 -1 -2 1 -2 1 2 3 2 1 -4 3 -4 -2 2 -1 -1 3 -4 0 -3 0 -2 2 -1 2 0 -1 -1 0 0 3 1 -2 -5 0 3 3 -1 -1 0 -5 2 2 5 -4 -4 0 0 6 -4 -1 -1 1 0 1 -1 -1 0 0 0 -1 -4 -1 0 -2 -5 7 1 2 -1 0 -3 4 -2 2 -2 -1 -3 -4 -3 4 2 -4 2 3 0 0 1 0 -2 1 3 -1 1 -5 2 3 -1 1 -6 3 -5 3 -4 -1 -3 3 -2 0 1 0 -7 3 4 -1 -4 0 0 1 -5 5 -3 -1 3 0 6 -4 3 -1 -2 -3 0 2 3 -2 -4 -4 -4 -1 -1 -4 2 2 -3 0 -4 2 -1 -2 1 6 -1 0 2 -2 -3 1 1 -1 -1 1 -1 -4 1 -4 -4 -3 4 1 -4 -2 -5 -1 1 1 -1 -2 -6 0 -2 -1 -2 -2 0 4 0 -2 2 1 -1 -4 -2 0 2 -3 -6 0 0 6 -1 3 -1 -2 -1 5 -3 -2 -1 -2 -3 -1 4 5 -2 -2 3 -2 -4 1 3 2 2 -4 0 -3 -4 3 3 0 0 1 -5 -3 -2 -4 -5 -1 -2 -2 -1 4 3 -2 -3 -1 -1 -2 0 -4 1 -2 2 3 -5 -4 -5 0 -4 0 -1 -2 -2 1 -4 -2 0 -2 -1 -2 -1 0 -3 3 -4 -1 2 0 -2 0 3 -3 2 -2 0 -3 -1 -2 -5 -1 -2 1 -1 1 0 -5 2 0 -2 1 1 -1 6 -5 -1 6 -5 4 2 2 -2 3 -4 1 5 -1 0 0 4 -3 -3 4 -2 -1 -5 -1 -1 6 2 3 -1 -1 4 3 2 2 0 -4 -4 0 4 2 -3 0 3 0 1 -1 3 1 0 0 1 4 1 0 0 -3 1 3 -2 -3 4 -3 0 1 -4 -2 0 -2 1 2 0 -3 -2 5 -2 0 0 0 2 2 0 1 -1 2 -3 -1 -1 -2 -1 -1 -2 -1 3 -3 0 -7 -3 2 -1 3 0 -1 3 -1 4 -3 0 -1 2 -3 1 -1 1 1 -2 1 2 -1 6 -1 3 -1 3 2 -3 -3 -6 5 -1 -2 -2 -2 -1 4 -1 -5 -2 -3 -2 2 2 1 3 1 1 -1 -1 -2 -2 -2 2 -1 0 0 1 1 4 -1 3 5 0 -5 -3 0 -1 1 -2 -3 1 3 -5 1 3 3 -1 -3 -2 -2 3 0 2 5 0 -3 3 0 1 1 -5 -1 0 2 3 3 7 -2 3 1 -2 -2 0 -3 -1 -5 -7 -1 -1 -1 -2 -2 5 -3 -2 -5 -3 1 -3 -2 1 -1 5 -2 3 0 -1 -1 -1 -2 -1 0 0 -2 4 4 0 -2 0 0 4 2 -7 -4 -1 0 1 -2 -1 6 -2 2 -4 0 0 3 4 -2 5 5 -1 -2 3 4 -3 -4 -4 4 2 0 1 -4 2 4 -4 -1 4 -1 3 3 1 4 -3 0 3 -4 -1 -3 -2 -4 -4 3 3 1 -6 0 2 4 -3 4 -1 2 3 -4 -1 -1 2 -1 -2 -3 0 2 1 3 -2 -4 -1 6 1 -1 -5 0 0 1 -6 1 3 -1 -1 -6 1 2 -2 -5 -4 -1 0 -5 -1 1 4 -5 -3 -2 -3 1 -1 -2 2 -7 1 0 -4 1 -3 -3 3 -3 4 1 -5 -3 -1 0 -4 -2 1 0 3 4 -4 -1 -5 -2 -1 -1 -7 3 -1 1 0 -2 1 -2 -4 4 4 -1 -2 2 3 3 -1 3 0 5 -5 -2 2 -2 -1 0 2 0 0 0 -3 1 0 1 -3 -3 -2 0 0 2 -4 -5 2 -2 2 -2 5 2 2 -1 0 -2 -1 -2 7 5 -3 -4 4 -2 -1 2 -2 0 0 -2 -1 7 1 4 -1 -4 1 2 -4 -1 -1 2 -2 0 -3 -1 4 -2 1 -3 3 -7 2 -3 -1 4 6 6 -2 -4 3 2 4 -1 -1 2 -3 3 -1 1 4 2 4 7 2 0 -3 -5 0 2 -5 0 2 0 2 3 -1 0 -2 2 -1 -3 6 -7 3 -2 5 2 1 -1 1 0 0 -6 -1 -1 0 -2 4 -4 2 -5 1 -2 -7 -4 -1 0 1 -3 3 -3 6 -1 1 0 -1 -4 -2 3 -3 -3 -1 -2 0 5 2 7 3 -1 4 4 -1 5 0 2 0 1 -1 3 -4 1 1 4 -4 -2 0 3 -2 -2 1 -1 4 -2 -6 -5 -4 1 1 3 -4 2 0 -1 -1 5 -4 2 5 2 4 -1 3 -4 0 -4 -1 3 5 0 3 0 -1 -4 -3 3 0 2 5 -1 -1 -3 2 -1 0 1 2 -3 -4 -5 0 0 -3 -1 -2 1 -1 0 -4 0 0 -1 -1 2 -2 0 3 -3 2 2 2 1 1 4 4 0 7 -2 -7 -4 -3 2 3 1 3 4 7 2 4 0 0 5 3 1 7 -5 -2 1 3 7 3 -4 2 -1 4 -1 1 1 -4 0 -3 4 4 7 1 -1 -1 1 2 2 -2 -2 -2 2 0 -1 2 -2 -3 -2 3 -2 0 1 -5 3 1 0 -3 -1 4 -1 1 1 1 1 -1 2 -1 0 -1 2 2 -4 3 5 -1 2 -5 0 -1 -2 -1 3 2 0 7 -4 -2 0 -2 -3 -1 0 1 -3 -2 2 -1 3 1 0 -1 2 1 1 2 2 2 2 2 1 -1 -4 -2 0 -2 -1 -4 1 -1 2 3 -6 2 3 5 1 -1 1 1 -2 -1 0 -2 4 4 0 1 0 -1 1 -2 -1 1 -2 2 5 5 -3 3 0 -1 1 0 1 -6 3 4 -5 0 -3 1 2 -4 0 1 3 -2 4 -4 5 -1 3 -4 -1 3 2 2 1 6 -3 1 3 2 0 -4 1 -3 4 -2 -3 0 1 2 -3 4 -6 5 -5 1 -1 6 0 0 -6 0 -2 7 -1 -1 0 -6 3 0 -3 -1 2 3 0 0 -1 0 -2 -1 1 1 0 2 -1 1 2 5 -4 -3 -2 -4 2 0 5 0 -4 5 1 4 -4 -1 3 6 4 4 3 3 -1 3 -2 3 0 1 3 -1 -6 0 1 -2 5 0 3 0 1 -2 2 1 -3 -4 3 2 -5 0 -1 2 -3 -2 -3 2 -5 2 -2 -1 -3 4 -6 -1 1 -1 4 -3 1 -1 -2 7 -4 2 4 -1 1 -1 -5 -1 -3 0 2 0 1 -2 2 3 1 -5 -1 -3 0 4 -2 -3 -5 -6 2 -4 -4 -2 1 -5 -3 -4 -2 4 1 -2 -1 5 1 0 0 -1 0 1 5 3 -3 -1 -1 4 1 0 1 6 0 0 -2 1 2 -1 2 -2 0 0 4 -1 1 -1 -1 2 2 1 -1 3 -1 3 -1 3 7 3 -1 -1 -4 -1 2 4 -1 -2 4 0 -1 0 2 4 3 -1 2 2 -5 3 2 0 -4 2 0 2 3 1 2 -3 0 0 6 -1 6 2 -3 -4 -1 -3 -4 -4 -1 -5 -2 -1 7 -5 -1 -1 -1 0 -5 -3 0 -3 0 -2 3 6 -6 3 -3 -1 -1 -1 2 -1 1 -3 -1 -5 2 6 -6 -1 -1 -2 2 1 1 -4 1 1 0 3 0 0 -3 0 1 2 -2 4 2 1 -3 3 -2 5 -2 0 1 -1 -2 -1 2 1 1 -4 6 -3 0 -2 -7 -4 -1 7 4 -1 2 0 3 0 -7 4 2 -2 0 1 3 -2 1 -2 2 0 2 0 -7 3 -1 -2 3 -1 2 4 -1 1 -2 4 6 1 -3 -1 0 -5 0 -3 0 -5 0 0 0 -1 -1 0 -3 -2 -2 -1 -2 -3 1 -3 0 1 -1 0 5 4 1 -4 2 0 6 0 -3 -1 3 2 -1 4 -4 -2 1 -3 3 -1 -4 5 4 3 0 -4 -3 0 4 1 0 3 -2 0 4 -3 3 3 -7 2 2 -2 3 -5 -1 -4 1 0 0 2 -1 -1 0 -3 -4 -3 1 -2 0 -1 -1 2 -2 3 -3 0 -2 2 4 -2 -1 0 3 -2 2 -1 1 4 -2 -5 0 0 0 -3 3 -4 0 -1 4 1 3 1 1 0 -5 0 0 1 0 4 -3 1 2 -4 2 -1 -7 -4 -4 -2 -4 5 -7 -1 3 -6 -3 5 -3 -7 2 -3 0 1 4 0 7 3 0 1 -2 1 -4 -2 -4 -1 3 3 -6 -1 3 3 -1 -5 7 0 0 1 -7 0 2 1 -3 -2 -1 1 -4 -4 0 -2 1 0 -1 3 -4 -1 -7 -2 7 -2 0 -5 -4 -1 7 1 -1 7 -1 3 4 3 0 1 0 -4 4 0 -1 -5 -7 7 -2 -3 2 5 0 -2 -1 3 0 -2 -5 0 -7 -1 -5 -7 7 -5 1 -5 -2 -2 4 -2 -7 -2 3 -1 7 -5 -5 -4 0 -3 3 5 2 -3 2 -7 -4 -2 -3 -6 -1 -1 2 3 -2 1 4 -2 -3 0 -1 -4 -5 -2 3 -1 2 3 2 -3 -5 -1 -3 1 0 2 2 0 3 1 1 -3 1 2 -2 -2 -3 -1 -1 -5 2 3 7 -3 -2 -1 -3 0 0 -3 -1 -3 0 3 0 3 0 -2 -2 0 -4 -1 -2 5 -1 -3 -3 -6 1 -1 -1 -3 2 -1 2 1 0 0 2 3 3 -4 2 -1 -3 -2 -3 7 0 4 0 -5 2 4 -1 -2 3 -4 -2 0 2 0 2 3 0 1 0 2 -3 4 1 -1 -2 -1 -3 1 -4 -1 0 7 3 -1 1 -1 -6 1 -6 -1 1 -1 0 -3 0 -1 -1 1 0 3 -5 -2 1 -1 -1 2 -3 0 -2 0 0 -1 0 0 -1 0 -1 -1 3 -3 -3 -1 -4 -2 -1 -5 -2 -1 -1 -2 0 0 0 -2 -1 -4 1 -1 -5 1 -1 1 -3 2 4 0 1 -2 -1 -2 -3 -5 -3 -6 -3 0 1 1 1 3 -1 -4 2 1 -2 2 -2 0 2 1 3 -3 2 -1 1 -1 -3 2 3 -1 -1 4 -2 2 -2 -1 -1 -7 -1 2 4 -2 -4 3 -2 4 3 1 0 -3 2 1 -1 4 -2 0 -1 3 -1 1 1 -1 1 -2 3 6 -2 -1 -1 -7 -2 0 -1 3 0 -7 -5 -4 -7 1 2 -1 -2 0 7 -1 -7 -1 -3 1 -6 -3 1 -3 -1 -1 4 -5 -7 -2 -7 6 -4 -1 -4 -5 -1 4 0 0 1 0 1 -3 -6 -1 -7 -7 -7 -3 -7 1 4 3 0 -2 -2 3 -2 2 1 0 -7 -7 0 -1 -4 -5 -5 4 5 -1 -4 -7 -2 -1 3 -7 -2 -3 0 -4 -3 2 2 1 -1 1 -7 -1 4 1 0 -3 -2 -7 -7 -7 -5 2 2 -3 -2 -1 -2 -4 4 -1 4 1 -5 -7 -6 0 -2 -1 7 3 -6 6 -1 2 2 -4 2 -3 -1 0 0 -1 2 2 2 0 -2 -3 -2 0 1 -3 1 -1 -1 1 -7 -1 1 3 -3 2 0 0 2 -2 -4 -7 -3 1 0 -1 1 -2 -1 -1 0 1 0 1 0 1 -4 3 1 4 -1 -4 -5 2 -2 0 -4 -4 0 5 -5 0 -6 1 1 -1 -5 0 -1 -3 3 -6 0 -3 -2 -5 2 -1 -2 3 0 2 3 0 3 -2 -5 1 1 7 2 -5 -2 -3 1 -2 4 1 1 -1 -3 -7 -1 0 -3 -3 -1 -2 -3 -1 3 3 -3 -3 -2 -2 -1 1 -4 -1 4 1 -1 -1 0 -6 1 -1 2 -7 3 3 4 0 1 0 1 -3 0 2 1 1 1 -2 -4 0 -3 0 -4 0 3 -4 -7 1 2 2 -1 -3 1 0 -4 -7 0 2 -1 -2 1 0 1 2 -1 -3 -7 3 -6 0 -2 0 -1 -3 1 -1 4 0 1 -3 1 -3 -2 1 -4 0 0 -3 -5 5 -2 1 0 3 1 -1 1 0 1 3 -2 3 -1 4 -7 -3 -1 -1 -4 0 -2 0 3 -3 -1 2 0 2 1 -1 0 2 -3 -4 0 -1 1 -1 3 -2 -1 2 -2 3 3 0 6 -4 3 -2 2 -4 1 0 3 1 -4 -2 -2 2 3 3 1 2 1 -2 -2 1 -1 -2 0 -1 2 1 1 3 2 3 3 1 -1 3 0 -2 3 2 -4 0 -3 3 4 -1 2 -1 1 -6 -3 2 0 5 -7 3 -1 -3 2 -3 0 -1 -1 1 -5 4 3 6 3 -1 0 0 0 0 0 -3 4 1 2 0 0 2 0 1 0 0 2 0 1 -2 0 3 5 -7 4 -6 1 -3 3 -2 -4 -1 -2 1 -4 5 -2 3 1 7 3 3 3 0 -3 1 -2 0 -2 1 0 3 2 -2 3 -3 -1 2 1 1 -4 2 -2 1 -1 4 1 0 3 1 -1 4 0 0 -3 2 -2 0 1 1 -1 -1 1 0 0 1 3 3 -1 -3 0 -1 1 -1 -3 0 5 2 -2 0 0 -3 1 1 -1 1 0 0 -1 -3 1 -3 1 0 -1 -1 -3 4 0 1 0 -2 1 -5 0 -3 3 -1 -1 1 0 0 0 -1 -1 -3 0 2 -2 3 3 1 -1 3 -1 3 -1 1 -1 2 1 1 -4 1 -4 -1 1 -1 2 -4 -2 -2 -5 -2 1 2 -3 0 1 -2 -1 -4 2 2 -1 -2 3 1 1 -2 0 2 1 0 1 2 0 0 0 -1 0 1 -1 1 -1 3 -1 1 -5 2 1 1 -1 3 2 0 -3 -4 1 1 3 -1 -3 -1 2 0 2 -2 1 2 -3 -1 -7 -3 -4 -3 2 2 -1 3 -1 -1 2 -7 -2 1 2 -2 -3 0 -2 -3 1 0 3 2 -4 -2 -1 -1 -4 2 -4 -2 -3 1 2 3 0 -4 0 2 -4 1 -4 2 3 4 -7 4 1 -5 -1 -1 -2 -2 -2 -2 -5 4 -3 1 1 -3 4 -3 2 -4 2 -4 -1 -2 -1 -2 -6 4 -2 0 -2 -5 0 1 2 -2 -3 -1 1 1 3 -1 1 0 -3 5 0 -2 -4 0 -1 3 2 -1 2 -3 0 2 3 2 -3 -3 1 0 0 1 -1 2 2 -2 3 -4 1 2 -4 2 -1 1 3 -5 -1 -1 -1 2 -1 3 1 1 2 2 -4 1 1 -2 1 4 0 -2 1 0 -1 -1 2 3 2 1 0 1 -2 3 1 -4 0 1 0 -2 3 2 3 -1 -6 4 -2 3 0 4 -2 1 1 3 -2 0 2 2 0 -1 -1 0 -2 -5 4 1 1 -4 -4 0 6 1 0 4 5 -1 -1 0 -1 0 3 0 -3 3 4 -3 2 -2 3 -3 5 0 2 1 1 3 -3 0 -2 3 0 0 -2 -3 -1 5 -2 -3 3 -1 2 -3 -2 -5 -2 2 -7 -2 0 2 3 -2 1 0 0 1 5 -2 3 -1 0 2 -2 0 -1 1 2 1 2 7 2 0 3 -5 1 -1 3 4 -3 1 -3 4 -5 1 -1 0 2 -7 -4 -6 1 4 -1 4 1 0 -2 -7 -4 0 -3 3 4 -1 -1 -2 -1 1 -3 -1 -1 1 0 0 0 -4 -3 1 3 2 4 4 3 1 -2 -1 1 1 0 -2 1 6 -3 6 -2 2 3 -2 0 7 1 -1 -2 1 -4 -3 -1 1 -4 5 1 1 -2 -1 2 -2 0 4 -1 -2 1 3 0 2 -5 -1 -1 -1 -2 -7 -2 1 -1 -1 -7 -2 -5 1 0 1 1 0 -4 -2 1 -2 6 1 -1 -4 3 -5 -5 -4 -2 1 0 1 0 2 0 1 0 -1 -1 1 2 2 0 -2 -1 0 2 7 0 -1 2 -4 -1 -1 -1 -1 -1 -1 1 -1 -1 3 -3 0 -1 -2 0 -1 -3 -1 0 5 3 -3 -3 0 -1 -3 7 7 0 1 -6 0 -4 -3 0 0 2 2 2 -5 0 -1 2 0 3 1 5 3 -6 0 2 0 0 2 0 0 0 2 3 2 -7 5 0 -7 2 -6 0 -2 1 4 -3 -3 0 1 2 -2 2 0 3 -6 -4 2 2 2 0 -1 3 -6 2 0 -2 -2 -4 4 1 4 0 0 -2 -7 1 -2 -3 -1 0 -3 -2 0 -7 0 5 1 -1 0 1 2 3 -3 -1 0 2 -2 1 3 -3 -2 2 1 -1 -6 -4 -2 -3 0 -3 0 0 1 1 0 1 -3 0 0 -2 -7 -4 -1 2 -1 0 -1 1 0 0 -1 -7 0 1 2 -1 -4 1 -2 0 2 0 -1 -1 0 4 -1 -4 -1 -7 -1 3 -6 -2 -3 2 0 -1 -4 -4 3 -1 2 -3 -2 2 0 -2 -1 -1 -3 -2 1 -2 -4 1 0 6 1 -1 -3 -2 1 -7 -4 -1 1 -2 -2 -1 -3 1 2 -2 2 -6 3 7 -2 -1 2 -7 2 1 1 2 -4 -2 3 -2 3 -1 0 2 -2 1 1 0 2 -2 -3 1 -4 -4 5 0 -3 1 -6 -2 -2 -5 0 -5 -2 -7 1 2 -1 1 4 0 0 1 -1 -1 -1 -4 1 -3 1 2 4 1 1 -2 1 3 -4 1 -2 0 3 2 1 -1 -1 -1 -1 -3 2 -1 3 -3 2 3 2 0 0 2 -6 1 3 2 0 1 0 -2 -1 -1 -1 -3 3 0 1 3 2 2 0 -6 0 0 2 4 -1 -2 -2 -2 2 0 0 -3 -1 2 0 3 3 1 -1 0 -1 3 0 -2 0 0 0 0 -1 2 3 1 2 2 0 -2 2 -1 -1 0 1 0 2 -1 0 1 -3 3 0 0 2 0 2 2 1 -1 -1 1 3 -1 3 -2 -2 2 2 3 1 2 3 2 -1 0 0 1 0 -1 -2 -2 -1 -2 -2 -2 -1 2 -1 0 -3 2 -2 0 4 -2 1 0 3 -2 1 -1 2 2 2 -1 -3 -1 -2 -3 0 -3 2 -1 -3 0 0 0 0 -1 2 1 2 2 1 3 -1 3 4 1 2 2 0 -1 1 -2 1 0 0 0 2 2 -2 5 1 2 2 1 -2 2 0 1 2 -2 0 1 -3 -2 0 2 0 -1 -1 3 1 0 0 0 -2 -1 -2 1 -2 1 0 2 -3 -1 -1 -4 7 -1 -6 -3 -2 -2 1 -1 -1 1 -2 -1 0 3 2 -1 -3 -1 -1 4 0 2 0 4 -2 -1 -1 5 4 1 1 1 2 -1 1 4 3 0 -2 1 1 1 2 -5 1 0 4 -2 0 -2 0 1 2 -4 6 3 1 2 -1 -2 -3 0 -1 0 5 2 -2 -1 -2 1 -2 4 5 0 1 -1 -1 1 4 4 -4 4 -3 -1 -3 1 -1 1 4 2 -3 1 0 3 2 2 -4 1 -3 2 0 0 -2 -4 2 3 0 2 4 1 1 0 -3 3 0 0 -2 -3 -4 -4 -1 6 -2 -3 -3 -2 -1 -3 1 2 4 -1 0 -3 0 0 4 -2 -4 -2 1 2 1 3 3 3 3 -3 0 1 3 -1 2 2 2 0 0 1 -1 3 1 -4 3 -4 3 1 -1 0 -4 1 0 -3 -3 2 -1 -1 2 -7 1 1 3 -3 2 -3 0 -2 1 3 4 1 3 0 0 1 -2 -4 0 -2 2 3 -4 -4 -4 3 -1 0 1 -1 2 1 0 2 -1 5 0 -2 0 -1 1 4 2 0 1 0 0 -1 -1 -2 2 -2 0 1 1 0 -6 0 -1 1 -1 -1 -4 -6 -3 -1 1 2 0 -1 0 -1 3 1 0 -1 0 2 -1 0 -5 2 -4 3 1 -1 -1 2 0 -1 0 1 -3 -4 -1 -2 1 2 1 -1 -5 0 -2 -2 3 -1 1 -2 0 0 -1 -1 -2 2 -2 3 -3 0 0 0 3 4 0 -3 -2 -1 -4 -1 -1 -3 2 1 4 3 -2 0 2 1 -3 0 2 1 -2 3 0 2 -4 3 -4 0 2 0 0 0 4 1 -3 2 3 -4 -4 0 -1 1 0 -4 2 -4 -2 -2 1 2 0 5 -2 0 1 -4 3 0 1 -2 1 -5 0 2 -1 2 -1 2 -1 3 0 3 1 -2 0 -1 5 0 7 -4 1 0 1 3 -2 1 0 0 1 2 1 3 3 -1 -4 0 0 0 0 3 1 1 4 4 0 0 -2 0 1 3 -3 -2 -4 -1 -1 1 -7 -2 4 -2 2 3 -2 -2 2 6 -1 0 -4 3 0 -3 2 -1 2 0 -4 2 4 1 2 -2 0 -3 0 2 0 4 1 5 -2 -4 -1 3 1 0 -1 1 0 -2 -1 -3 -1 -1 1 4 0 2 3 2 -2 3 3 1 -3 3 -1 -5 1 0 -1 0 2 0 -2 0 -1 0 2 -2 -1 -1 -3 -1 4 -3 -1 -4 0 -1 2 -3 -1 2 -1 1 -3 4 5 0 0 0 1 3 -1 3 -1 -3 0 4 -1 -3 1 -1 -3 0 0 -1 0 1 3 7 1 2 -2 0 -2 -1 0 -1 0 5 3 -3 2 -2 -1 -3 0 -2 1 0 4 0 2 5 4 0 1 3 -3 2 0 -4 4 0 -1 3 3 0 1 1 1 -2 -3 -4 2 2 -2 3 -1 3 -2 2 3 1 1 2 0 -2 0 0 6 0 2 2 0 -2 2 -3 3 3 0 0 -2 0 -3 -2 2 -6 -1 4 -1 0 0 1 4 -3 -1 1 2 -3 -5 0 4 2 -1 1 1 -1 0 -2 1 4 -3 -1 -2 -3 1 1 3 1 -2 -2 6 1 5 0 -2 2 -2 -2 1 -3 -4 -2 2 -1 -4 1 2 1 4 1 3 1 -1 1 -1 -5 -1 1 -1 2 1 -2 3 2 0 -1 -3 -2 -1 -1 -2 -1 -1 1 0 2 1 -3 1 -3 -3 -1 -2 1 0 -3 -1 2 0 -4 -2 -2 0 -2 2 -2 -2 0 1 3 3 0 0 -2 2 -1 -4 0 -2 1 3 2 0 4 3 0 0 -1 2 1 -3 -4 3 4 3 1 1 -4 3 -2 3 4 -3 1 0 -1 -3 2 -3 -2 4 -1 -3 -1 0 -1 -3 2 -4 0 2 -1 4 0 1 -1 3 3 5 1 1 -1 1 3 1 -4 -2 -2 0 -1 -1 -2 -1 0 -1 0 2 5 1 -2 0 1 0 0 -2 3 -7 -2 1 -4 3 0 2 1 1 4 1 1 1 -3 4 0 1 1 2 -1 1 -1 -2 -1 0 2 -4 3 -1 1 -2 -3 -1 1 -1 0 1 -1 -2 -1 -1 2 2 -1 0 -2 -3 2 4 0 2 2 -2 1 3 3 0 -1 0 2 -2 -2 -4 4 6 -1 0 2 2 3 -1 4 -3 -4 -3 -1 -1 0 -1 1 -5 -4 0 0 -3 2 -2 -1 -2 3 0 -1 1 -6 1 -3 -1 0 -2 0 -4 2 2 0 0 -1 -1 2 -1 -1 1 -1 0 -4 0 3 1 -1 -4 -1 4 2 -3 4 0 2 -4 -1 2 -1 2 3 -4 3 -1 -2 -4 -4 -5 4 6 1 1 -3 2 -3 -3 0 2 2 3 -2 -7 0 -2 -1 1 4 2 0 -4 5 0 0 3 -1 -3 6 3 -4 4 1 0 3 1 2 1 -2 -1 5 0 3 1 -1 -3 -2 5 -4 -3 -2 0 -1 0 0 1 2 -3 1 -4 1 1 -1 -3 0 1 0 -3 -4 3 0 2 1 -5 3 3 2 -2 2 -6 2 1 1 -1 -3 -1 -3 0 -4 -6 1 1 1 -3 0 -7 0 1 -4 4 -2 -2 -1 1 -1 -3 0 1 -7 0 -1 0 1 1 1 1 -3 6 -3 0 0 -1 0 1 0 0 -1 -4 4 -3 5 -2 4 0 2 -1 0 -1 -5 1 1 0 2 2 1 3 1 2 0 -3 -1 -1 -3 -2 0 2 2 1 2 5 1 1 0 2 -3 1 0 -1 3 0 -2 0 -4 1 2 0 -1 -1 0 0 0 -3 2 -5 1 1 -1 -2 0 1 1 2 0 -6 0 3 1 -1 4 0 2 0 0 3 0 2 -3 0 2 -1 -1 -5 -1 2 1 1 -1 3 2 0 4 4 -1 0 -2 1 -1 0 0 2 -1 0 0 3 1 4 -1 1 0 5 -1 1 1 1 0 1 2 0 -2 2 -2 -4 -2 -3 -1 -5 1 -3 4 2 2 1 -7 1 -3 1 -2 -2 0 0 -1 0 -2 -1 1 1 3 1 -5 1 -5 0 -4 2 -1 -3 1 1 6 -2 -2 -1 -3 0 2 2 -3 -1 -3 0 3 2 -2 2 -2 -3 2 -4 0 5 -1 -3 3 0 2 0 2 -1 -2 -1 7 3 -2 4 -2 1 -4 4 -4 -2 0 2 0 1 2 1 1 0 -3 2 1 -1 -4 4 -1 3 2 -4 5 -4 -1 -4 0 1 -2 3 1 2 2 1 1 2 0 0 -4 -1 -2 -1 2 1 1 -3 -2 -1 -7 -2 3 -4 1 0 -4 0 0 -1 4 -1 2 0 -1 1 1 -3 2 1 3 4 -3 -7 3 2 2 6 1 -3 2 -4 0 7 -1 1 0 7 3 1 2 1 1 -2 0 4 -2 -1 -4 0 -2 2 0 2 0 -3 3 3 2 1 -1 0 -2 1 -1 4 -4 -2 -4 -4 1 1 -1 1 -2 0 2 -2 -3 -4 3 1 -2 1 -4 -1 1 -1 1 -4 0 6 -2 2 -6 -1 0 -3 -2 -3 -3 -3 -3 3 1 -2 -4 0 1 -2 2 -2 1 0 -1 3 -5 -3 3 2 -1 -5 -1 1 -5 1 1 3 0 -1 4 0 -2 3 0 0 1 -2 2 -1 -3 -1 1 0 1 -3 0 2 1 1 4 1 -2 0 -3 0 -3 -2 -1 -2 -2 1 -2 1 -2 -1 4 4 0 -2 -5 -1 -4 0 3 -1 1 -3 -1 3 -1 -1 -2 2 2 0 -4 -4 -1 0 -2 -1 -3 -3 0 -5 0 -1 -2 0 0 -3 1 -5 -2 -2 -1 2 -2 -2 0 2 -1 -1 -1 -3 3 2 -4 0 0 0 3 -5 -1 2 0 -3 -1 -1 0 1 -3 1 -2 -1 0 0 -5 -4 -2 1 -3 2 -2 1 -3 -3 -1 0 -4 -3 -2 2 1 0 0 -3 -1 0 -1 2 1 -1 -5 0 -1 -3 1 -6 0 1 0 -1 0 1 -1 2 -1 -2 0 -2 -2 3 -2 -4 2 -3 0 1 0 1 4 2 -2 -1 -2 0 -3 -4 1 -2 -1 -1 1 0 1 -1 2 -1 -2 -3 1 -2 0 0 -2 3 1 2 -5 -3 4 -2 -3 -1 0 -3 -3 -1 1 0 0 2 -5 2 -4 0 -4 -1 2 -1 1 -1 2 -2 -2 -1 2 -1 4 2 1 3 0 -4 0 -3 3 0 0 0 -5 2 -2 1 -1 -2 0 2 -1 1 -1 -1 -3 0 -3 -3 -2 4 -2 0 -7 1 1 -3 -3 -2 -3 3 1 0 -3 2 1 -2 5 -2 3 -5 -3 -2 2 1 1 0 -3 -2 1 2 -2 2 -3 -1 -4 -3 -1 -1 3 1 1 0 2 0 2 2 0 -1 -1 0 -2 0 -3 1 1 3 -1 -1 2 -5 2 -6 5 -2 -1 -5 4 4 1 3 0 -1 -4 0 0 -7 2 1 2 -5 6 2 -3 -5 -2 -3 2 3 -2 -2 1 1 -2 4 2 1 -4 0 -1 1 -1 0 1 2 -3 2 -2 -1 -6 -1 -2 1 3 0 3 2 -5 -1 0 -2 2 1 -2 -2 1 2 -1 1 -3 0 2 -3 1 -2 -1 3 3 1 2 0 -2 -2 -4 0 0 -1 -1 -2 -4 4 -2 1 1 0 4 -6 -3 -2 0 2 1 3 2 2 -2 3 3 -7 2 1 -4 4 -7 4 -1 1 1 2 3 2 1 1 -2 5 -5 -4 -1 -1 -1 -2 2 -1 1 -4 1 3 2 0 1 4 -1 -4 -2 -2 -2 3 -1 -4 3 -1 -5 -1 -3 0 0 1 0 -3 2 6 1 -2 -2 -2 -4 2 1 1 -7 -3 0 0 -2 -2 -2 0 3 3 -3 -2 4 2 1 -4 -1 2 -3 -7 4 3 -2 2 -4 1 0 2 0 -7 0 -6 3 -3 -2 3 2 -2 0 -5 -1 -1 0 -3 5 5 2 -3 -4 3 3 2 -3 0 -2 -2 1 -1 1 2 0 2 -3 1 -3 0 2 -6 -2 2 0 -2 -2 -1 0 -2 -1 1 -2 5 1 1 3 2 1 0 -1 1 0 2 2 5 1 0 -1 1 -2 -1 0 -1 0 0 -1 1 -3 2 1 2 0 0 -2 -1 0 2 1 -4 -2 -3 -3 0 1 -1 0 -1 2 -2 1 2 -3 1 -1 -1 1 -1 -2 0 3 -1 0 2 0 4 2 0 -2 -1 3 -2 -1 0 1 0 -3 -2 -4 -1 1 0 2 -2 -2 -4 -3 -5 -1 1 -2 1 0 -3 -2 0 3 0 -2 -3 2 2 2 3 0 3 -1 0 0 3 -3 -2 -3 4 -3 -1 3 0 -2 -2 2 0 2 -3 1 -3 -2 1 -1 2 1 -2 1 -3 2 0 1 -5 4 -3 -2 -3 2 5 3 2 1 -1 1 2 0 -3 -4 2 1 -1 5 3 1 -2 5 -4 -1 -3 1 3 -3 1 1 2 -1 -4 2 -1 -2 1 0 3 0 5 0 1 2 2 -4 -1 -2 -2 -1 3 -1 -1 2 2 3 0 -1 -3 0 -2 2 6 -2 0 4 -2 -1 3 3 0 -2 -2 1 3 0 2 0 1 -2 -4 1 -1 -1 3 -3 2 2 1 3 -3 0 -4 0 1 0 2 0 -3 -5 4 -4 2 -1 -1 -1 -3 0 -7 -2 7 -1 -1 0 -4 -3 -1 -3 5 3 -5 1 0 -3 0 -1 1 -2 -2 3 5 1 4 4 0 2 -4 2 -5 -3 1 2 -3 -2 1 1 5 1 -1 3 1 -1 -3 2 3 -6 -2 -2 0 -1 -1 3 -3 -3 3 2 -4 1 4 -7 5 0 -3 1 -6 0 -3 2 -1 2 7 0 5 4 -3 0 4 3 -2 -3 3 3 -1 -1 -4 1 -3 4 -4 -1 2 -6 1 2 -7 -4 -1 -1 0 3 -2 3 3 2 -1 -1 -1 2 -1 3 -3 -3 7 -7 2 3 0 4 2 -3 -2 -1 -3 -2 -3 -7 0 2 4 0 -3 2 -6 -2 -2 -4 3 2 -3 2 0 -1 0 -1 -3 -1 -4 1 3 3 2 -1 6 2 -7 1 2 -4 1 2 -5 2 1 1 4 -2 -3 2 -3 -1 0 2 -2 5 1 1 2 0 0 -1 2 1 -1 1 -4 3 4 5 -1 0 1 -3 2 -5 3 0 1 2 -2 2 2 0 1 1 4 1 2 0 -3 -1 -5 -2 0 0 -3 2 3 1 0 1 0 3 -2 2 1 2 3 0 2 0 -2 -1 -2 0 -2 -1 0 -2 -2 -3 2 4 2 -2 -1 4 0 -1 -1 -1 4 2 -4 0 -2 4 1 0 1 0 -2 -2 2 0 -1 3 -2 2 -3 -4 -4 -3 -3 -3 -1 -3 0 -1 2 1 2 -2 -4 1 0 5 0 -5 -1 5 -3 2 -1 5 -2 -3 -4 -2 -2 -7 3 -2 1 2 0 1 2 -4 -7 4 2 3 1 1 -1 1 4 1 -1 3 1 1 1 3 -1 2 3 -1 2 2 -2 4 -6 -7 -2 -7 6 3 -3 -4 2 0 1 -4 4 0 2 2 -4 2 1 -7 -6 3 2 2 -1 0 2 5 2 7 3 1 -2 1 5 0 -5 1 4 2 -1 -3 4 -1 -2 2 2 0 2 0 0 1 1 2 1 1 -1 1 -7 -3 7 0 -2 1 2 1 -1 4 1 1 4 1 2 1 3 0 -1 4 1 0 -1 -2 2 0 1 -1 -1 0 -1 0 0 0 -3 -2 -2 -2 0 5 -2 -1 -4 0 -2 0 3 0 0 -1 -4 1 -1 -2 3 2 2 1 0 2 -1 5 3 2 -1 2 2 1 1 1 1 -3 -2 2 -3 -2 0 -2 -1 0 2 0 0 1 1 0 -3 -2 -1 1 -2 -3 1 -1 -3 -2 -2 4 0 0 -3 -1 -2 -3 1 -1 2 0 -4 1 2 3 0 2 3 0 -3 1 1 3 5 2 1 3 1 2 -3 -1 -3 0 0 1 1 -2 2 -2 -1 1 0 -1 -2 -2 -2 5 -2 3 -1 -2 -3 6 -5 -3 7 -4 -2 -1 3 -1 1 -6 -2 -3 -2 3 -1 0 -3 -4 3 -6 -1 -5 -2 -4 2 0 -2 -6 1 -7 4 3 -1 -2 2 3 2 -1 -3 6 2 1 -3 3 0 3 0 -7 0 6 1 -1 3 5 -2 2 -1 -3 -5 -1 -4 1 3 3 2 1 1 -2 0 -7 -3 6 1 -6 5 1 7 -4 5 -3 0 -2 0 -2 5 -3 3 1 0 0 -7 0 2 -1 6 4 0 -5 7 -5 -4 4 -6 1 -3 -2 2 -1 -2 3 -1 -1 -7 2 -1 1 -2 -3 2 0 1 -2 7 0 2 -6 -1 -2 1 -2 6 0 -4 -2 -2 -3 4 1 -2 -1 -5 -1 -5 -4 1 0 2 4 0 -3 -2 3 1 -1 -1 4 3 1 1 1 1 0 0 -2 4 -2 -1 7 0 -1 3 -5 5 -2 -5 -4 -3 4 -2 1 -4 1 0 -1 -4 -2 -1 -1 -1 4 -7 -7 1 -3 0 2 2 -2 -1 -4 -5 -2 -3 -4 1 -4 1 0 -2 -3 -1 1 7 2 -1 -3 -2 -1 1 -4 -6 -1 1 -1 0 0 0 2 3 0 2 1 -3 -2 2 -7 5 5 -2 2 1 1 -3 2 -1 -4 4 3 -1 1 5 -6 3 1 -1 1 1 -1 -3 -1 -1 2 4 0 -5 -2 -1 -2 -1 1 -3 -2 1 0 3 1 -1 -7 1 -3 0 0 2 3 1 2 -2 5 1 0 -2 4 -2 2 3 -1 4 2 -2 2 -1 0 0 1 0 2 -1 1 -3 7 -5 0 1 -2 -3 2 6 -1 -5 5 -2 -4 0 2 -1 0 2 -1 3 -1 1 -3 1 0 -1 3 5 -3 -2 -2 -3 5 3 -2 0 -2 -1 0 1 4 4 -1 0 1 2 0 0 2 1 4 -1 1 -1 0 -7 -1 4 0 1 -1 -1 2 2 -2 3 -2 -7 6 -6 6 2 5 -1 4 2 -6 -1 1 -5 -6 -4 -3 3 2 -1 6 0 -3 1 5 1 1 0 0 2 0 1 1 2 0 2 -3 -4 3 4 1 -2 4 -1 -7 -7 0 -3 -2 2 -3 3 2 -2 1 5 -1 3 4 -7 2 2 -5 2 -5 -2 1 3 1 2 -7 -3 2 2 -3 -1 -7 1 0 3 1 2 4 -2 1 3 4 -7 -6 0 2 1 0 4 4 4 -1 -4 1 1 -4 1 0 5 -1 -4 -1 -5 7 -7 -3 5 -7 3 -1 3 2 -5 7 2 1 2 -2 0 -7 -1 -1 -1 -2 0 2 2 -7 0 1 0 2 -1 -1 -3 0 -6 4 0 -3 0 4 -1 -2 2 -1 0 4 1 1 2 1 1 0 1 -2 -1 6 6 -2 -3 -1 0 5 0 5 -2 3 2 3 3 4 0 5 -1 4 4 -3 0 -5 -3 -2 -5 2 0 -1 -2 1 1 0 -5 0 -2 2 2 -5 -5 2 0 -2 -1 -3 -4 -1 -5 -1 -6 0 1 0 -1 1 4 -4 0 1 -2 -1 0 0 1 1 -2 -3 3 0 1 -3 -3 0 -3 2 1 1 -5 6 1 0 1 -3 0 -3 -2 -6 -1 -1 -2 -1 1 -3 0 1 2 4 3 -1 0 -5 2 -1 1 0 -6 1 -7 -3 -5 5 6 -3 -4 3 -4 -4 -2 0 0 0 1 -3 -4 -6 -4 -1 -7 1 2 0 1 -1 2 2 3 3 4 -5 -3 -3 -4 5 3 -2 1 -1 -2 -1 -2 -1 -4 -2 -7 -2 5 2 0 -2 2 2 -5 -4 3 3 -1 0 0 -4 5 -2 2 -2 0 1 1 -3 0 -6 7 -3 -4 -1 4 -2 6 0 -4 -3 7 -4 -6 4 4 0 -5 -7 1 -7 -7 4 -5 -3 -1 -7 -1 -5 -5 0 3 0 2 4 -3 -3 0 2 -4 -4 2 -4 -2 -7 -4 0 3 -3 2 -1 3 -1 -2 -4 1 1 -1 1 2 3 -1 -7 -6 3 -1 0 0 -5 3 3 0 -3 3 -3 -6 -7 -5 4 5 -3 2 1 -6 3 2 5 -2 5 -2 0 7 5 0 2 1 -1 0 -2 4 4 -7 1 -3 0 3 -2 -4 0 4 -1 -7 2 1 2 1 3 0 -2 2 2 1 0 -1 -4 1 -2 2 -6 7 -2 -3 6 2 -7 -4 4 -4 5 0 0 -7 1 -7 -1 -2 -2 2 -3 -4 0 5 -7 -1 0 -3 4 -1 0 -5 -1 0 1 -2 3 -2 -1 2 0 1 -2 0 -7 1 0 0 4 -3 -3 4 1 -4 -4 3 -2 -3 -2 2 -1 2 4 -2 -3 3 2 -7 0 -1 2 3 4 -2 0 -3 1 2 -3 -3 2 -4 5 5 -2 3 5 -2 5 3 0 6 1 7 4 0 0 6 2 -4 -2 0 6 0 4 3 5 0 0 0 -4 -1 5 0 5 -3 -2 -1 -7 -1 -1 1 0 -1 0 -2 -5 0 4 4 -1 6 2 0 6 3 2 -1 -2 0 -1 -7 -1 -1 5 -3 -2 -1 4 -1 -1 2 1 3 -3 -2 -1 0 -3 -7 0 4 5 -1 2 4 0 5 -1 1 -6 -4 -2 3 2 -5 0 1 -2 2 -2 -1 -3 1 0 -4 -1 -2 2 -1 2 -2 0 -1 -4 1 -2 0 -1 5 4 2 2 0 -3 -2 0 1 3 1 3 3 0 1 2 -7 -2 0 1 -2 -1 -2 4 2 1 1 0 -1 2 0 4 0 -3 3 -2 3 0 1 1 0 0 1 -2 1 -2 -2 -5 0 -2 -1 3 0 -5 -1 3 -2 -3 3 0 0 4 3 6 1 3 1 1 0 -2 -1 1 0 -6 4 -1 2 -4 -2 3 -2 2 3 -3 2 -3 0 -2 0 2 5 -1 1 0 -2 -4 -1 -7 -3 -1 -1 4 5 -2 -4 -1 2 -7 0 -4 1 3 -4 -1 1 -2 0 7 -4 -2 -3 -1 0 1 1 -1 -1 4 0 0 0 -1 -4 -2 -5 6 -2 2 -2 -5 3 1 -2 -3 4 3 2 -4 4 2 -3 2 0 -7 4 -2 1 4 -7 -7 -3 -5 5 1 0 2 -2 0 1 -4 -1 6 1 -5 -2 0 1 1 -1 1 1 1 -1 3 -4 -2 -2 -2 -5 1 3 -4 -2 -3 -1 2 -1 -2 -2 6 4 1 2 -2 -1 -2 -2 1 7 -5 -4 1 3 -2 4 5 -1 -2 3 -1 -6 5 3 -4 4 -2 4 1 -2 -4 

UNSIGNEDQUAN C 128 H 1 W 1
BIAS -176 -1 35 76 -57 22 -208 45 -116 -89 -27 -351 -278 -377 -88 39 14 -42 -209 137 -237 -40 -358 -276 -206 -224 -158 -184 -51 -116 -175 209 -18 -128 -324 -347 -73 -308 -72 -284 -125 -282 -98 -95 -141 -64 193 -121 -388 -136 -166 -136 -104 -221 -227 -291 13 73 -145 -183 171 7 -210 -212 -321 -125 -155 -178 55 123 -165 -167 -21 -298 174 27 -463 -260 -106 -43 -131 -100 -212 359 -98 5 -41 -411 -269 -157 290 -321 496 -111 -60 -22 -148 -289 43 -35 -271 -98 -49 104 -353 -448 -142 14 21 74 -98 -222 -132 23 -335 -194 1 174 -66 -140 -182 24 1 15 -69 -424 -201 -16 
SHIFT 5 5 5 5 5 5 6 5 5 5 6 5 5 5 5 5 5 5 6 5 6 6 5 5 6 5 5 5 5 5 5 5 5 5 6 6 5 6 5 5 5 5 5 5 5 5 5 5 6 5 6 5 5 5 6 5 5 5 5 5 5 6 5 5 6 5 5 5 5 5 5 5 5 5 5 6 5 6 5 5 5 6 5 5 5 5 5 5 5 5 5 5 6 5 5 5 6 5 6 5 5 5 5 5 5 6 5 5 5 5 5 6 5 5 6 5 6 6 6 5 6 5 5 5 5 6 6 5 

FC CI 128 CO 10
-2 3 -4 -3 7 -1 0 5 1 -2 1 0 1 7 2 -7 2 -3 -3 -3 0 2 5 -5 -3 6 -2 -1 1 -1 3 3 -1 1 -4 0 0 -2 -2 5 -3 0 -3 4 -7 1 1 0 -1 7 3 3 3 -3 3 1 -2 -1 -4 -1 1 4 -1 3 7 0 -3 -7 2 -4 -4 3 -4 3 -2 0 0 -3 -1 4 -1 -1 -1 3 4 1 7 -2 -6 1 -2 2 3 2 -1 -2 1 -1 -5 4 0 4 1 1 -2 4 -1 -5 -2 -2 7 -1 3 -1 1 1 -3 4 -1 -5 1 1 -6 1 2 0 4 0 0 -3 7 2 -5 3 3 -2 -7 -1 -3 1 -3 0 -2 -4 -1 7 7 3 -2 0 4 -1 7 1 2 0 -3 -6 -5 0 -1 -2 4 0 4 5 -2 -3 -1 -3 -3 -2 -4 -4 4 1 3 4 -2 2 3 0 -2 1 2 -2 0 -2 2 2 -1 0 0 -7 1 4 3 1 -1 2 0 0 -3 1 4 -1 2 2 -3 1 1 1 -3 -3 -4 4 -1 -3 7 1 -7 -1 0 2 0 -3 4 -1 1 2 1 0 7 -5 -7 -2 5 -1 3 -1 1 7 -3 -4 3 -2 0 2 -3 0 1 1 -2 0 -3 1 2 -4 4 -1 2 4 1 1 -3 -3 -1 2 0 2 2 0 4 -4 -2 -2 0 2 2 -3 1 5 3 -3 -3 -1 -3 1 -2 1 5 -1 0 2 5 -2 2 0 -6 -1 3 1 1 -1 -1 0 7 -1 -6 3 2 -2 4 3 1 -1 2 -5 -3 1 2 -3 7 -2 4 -1 -2 -3 3 -1 0 0 2 0 -2 1 0 0 -4 3 4 5 -1 0 -2 3 1 1 -2 -1 0 1 -5 -1 -3 1 0 5 2 3 -5 0 2 3 -4 0 -1 2 3 -1 -3 6 4 -4 -1 -1 -1 5 0 0 0 -3 -1 7 0 0 0 1 -2 -3 0 5 -3 0 -3 -2 1 -3 3 2 -1 1 2 4 -4 -1 1 7 1 -7 0 7 5 1 -6 1 -2 0 -3 -1 -4 0 0 1 -2 -2 5 -1 2 2 -3 -2 4 -2 1 5 4 1 -6 -1 1 -1 -1 1 1 4 -1 -4 -1 0 2 -1 -1 -2 1 3 -5 5 -5 2 0 2 -2 1 1 1 5 2 0 -4 3 -1 0 1 1 5 0 -2 -2 -5 -3 6 2 2 -2 -2 0 -2 -1 1 -7 1 2 0 0 -1 3 2 1 2 1 -1 -2 3 2 -1 0 7 1 2 -3 -2 4 6 -1 -5 1 2 1 1 3 -3 -1 0 -3 1 -1 3 -1 1 1 2 0 4 -2 -6 2 4 2 -3 7 -3 0 3 -1 -2 2 2 -3 -1 2 0 -1 -3 -3 4 -1 3 -1 1 0 -3 5 -1 1 2 2 -7 -3 4 -1 -3 3 5 -1 1 -1 -3 1 -2 2 2 -4 2 -1 -5 5 1 0 -3 4 1 5 0 1 -3 4 -1 -2 -3 4 4 -7 0 2 1 0 0 2 0 -1 -2 -2 3 0 6 -4 0 1 1 -2 2 2 3 5 -1 6 -4 -1 -3 0 4 -6 -1 0 -1 0 -1 7 -7 -3 3 0 -3 1 4 0 -6 -2 1 0 0 1 -1 -2 -2 -1 -2 5 -1 -5 0 -1 0 5 3 -6 -1 1 2 -2 -3 3 2 1 -4 1 0 0 3 0 0 3 -1 -6 -4 2 1 -3 7 -3 -2 -4 1 4 -2 -3 1 6 0 -4 0 -3 3 2 3 4 -1 0 -2 0 -1 -1 1 1 -1 3 3 0 -2 0 1 1 -5 0 -7 -2 3 7 1 7 0 -2 0 0 3 -1 0 0 0 -1 0 1 -3 -1 -1 3 6 0 -1 -1 5 -1 0 0 -3 4 4 1 -1 0 5 2 -3 -4 2 -1 -1 0 0 -2 0 -3 -3 5 -5 2 3 -1 3 -1 0 0 -2 -1 -1 1 -1 1 5 4 -3 -4 3 -4 3 2 -1 0 0 -1 0 2 2 6 2 -1 -1 0 -4 0 -2 -1 4 3 3 -5 -3 0 -1 -4 0 -5 1 1 1 2 2 4 -2 -3 5 -5 1 -2 -2 -2 0 4 1 3 7 -7 7 2 1 0 0 0 -1 -6 1 0 -1 -1 1 -2 2 7 -4 -2 -2 -3 0 4 3 -2 2 4 -2 1 1 -1 -2 0 5 -2 0 -3 1 0 5 1 2 -3 -1 7 -1 -4 0 0 -2 3 -1 -1 -1 -1 4 -5 3 4 0 3 -2 -3 3 0 0 0 -5 -1 6 0 -2 1 -4 2 0 0 -1 0 7 -5 0 -1 1 2 -2 -1 1 1 1 0 -3 -4 -2 -3 -7 -1 7 0 -1 4 0 7 -1 0 -3 -2 -4 1 -2 -3 -1 7 2 -4 6 0 -5 4 0 -2 0 3 -5 4 2 -4 1 1 -1 -5 2 1 -1 -1 1 5 -3 -1 -1 -4 1 -1 2 6 5 0 -3 0 -1 2 4 -2 -1 -1 1 -5 3 -2 -1 3 0 -2 4 3 -1 -1 -2 4 -2 2 3 -2 3 -5 -5 2 -2 2 -1 -2 5 -4 1 0 -1 0 3 -2 -3 6 -3 -3 3 5 2 3 -4 5 -3 1 3 2 0 0 -1 -1 -5 -1 5 -1 2 2 0 -4 -4 0 2 0 -1 4 -6 1 2 0 2 -5 4 1 -3 7 -2 0 0 2 4 -3 -2 -1 -1 -1 -2 0 0 1 7 2 -5 1 -2 -1 -3 2 -2 -4 0 4 3 2 -1 0 -2 2 -1 2 -2 -1 7 2 1 -1 -2 2 6 3 1 -2 -1 0 -2 4 -1 2 -2 3 -2 -3 -1 0 -1 1 2 2 -6 7 0 3 0 7 3 -5 0 0 -3 2 5 -1 -1 0 0 0 -1 0 5 -7 1 0 1 -1 -2 -2 -1 1 0 4 6 -3 1 0 -2 1 4 2 -4 5 0 -5 0 0 -3 -1 -2 0 0 3 1 -1 0 -3 -2 1 1 0 1 -1 6 -3 2 0 3 1 -3 4 -3 -2 4 -2 -1 1 2 -1 -3 -7 1 -5 0 2 3 2 -1 3 1 0 -3 1 -6 5 -1 1 0 5 4 -2 -6 1 1 -1 -1 -3 6 -1 0 -5 5 -1 -3 0 4 1 -2 0 -1 2 0 3 -4 0 0 2 -2 -4 1 1 3 3 0 0 -4 2 0 -1 3 -2 1 -4 -3 4 0 

SIGNEDQUAN C 10 H 1 W 1
BIAS 59 90 39 41 9 3 118 27 -61 -34 
SHIFT 6 6 6 6 6 6 6 6 6 6 

